Date,Open,High,Low,Close,Volume,Adj Close
2014-02-24,25.28,25.28,25.24,25.24,1700,25.24
2014-02-21,25.95,25.95,25.95,25.95,000,25.95
2014-02-20,25.20,25.95,25.20,25.95,1600,25.95
2014-02-19,25.40,25.50,25.21,25.21,1300,25.21
2014-02-18,25.20,25.50,25.20,25.50,1700,25.50
2014-02-14,25.07,25.21,25.06,25.20,1600,25.20
2014-02-13,25.40,25.40,25.40,25.40,400,25.24
2014-02-12,25.28,25.39,25.25,25.39,1000,25.23
2014-02-11,25.26,25.26,25.26,25.26,000,25.10
2014-02-10,25.26,25.26,25.26,25.26,000,25.10
2014-02-07,25.26,25.26,25.26,25.26,200,25.10
2014-02-06,25.52,25.88,25.25,25.25,1300,25.09
2014-02-05,25.10,25.21,25.10,25.21,600,25.05
2014-02-04,25.94,25.94,25.94,25.94,000,25.78
2014-02-03,25.94,25.99,25.94,25.94,500,25.78
2014-01-31,25.99,25.99,25.99,25.99,000,25.83
2014-01-30,25.99,25.99,25.99,25.99,000,25.83
2014-01-29,25.35,25.99,25.35,25.99,2300,25.83
2014-01-28,25.12,25.41,25.12,25.24,900,25.08
2014-01-27,25.34,25.34,25.11,25.11,1400,24.95
2014-01-24,25.50,25.90,25.19,25.50,14300,25.34
2014-01-23,25.15,25.85,25.11,25.44,47900,25.28
2014-01-22,25.06,25.06,25.06,25.06,1200,24.90
2014-01-21,25.15,25.20,25.00,25.11,2900,24.95
2014-01-17,25.15,25.38,25.10,25.15,38700,24.99
2014-01-16,25.25,25.25,25.25,25.25,800,24.93
2014-01-15,25.05,25.07,25.05,25.07,300,24.75
2014-01-14,25.06,25.06,25.06,25.06,900,24.74
2014-01-13,25.02,25.02,25.02,25.02,000,24.70
2014-01-10,25.05,25.05,25.02,25.02,500,24.70
2014-01-09,25.38,25.38,25.38,25.38,000,25.06
2014-01-08,25.38,25.38,25.38,25.38,000,25.06
2014-01-07,25.35,25.40,25.35,25.38,900,25.06
2014-01-06,25.10,25.10,25.10,25.10,800,24.78
2014-01-03,25.05,25.05,25.05,25.05,100,24.73
2014-01-02,25.40,25.40,25.40,25.40,000,25.08
2013-12-31,25.40,25.40,25.40,25.40,000,25.08
2013-12-30,25.40,25.40,25.40,25.40,100,25.08
2013-12-27,25.40,25.40,25.40,25.40,900,25.08
2013-12-26,24.86,24.86,24.86,24.86,000,24.54
2013-12-24,24.86,24.86,24.86,24.86,000,24.54
2013-12-23,25.15,25.15,24.86,24.86,800,24.54
2013-12-20,25.01,25.02,25.00,25.00,1200,24.68
2013-12-19,25.15,25.73,25.15,25.73,800,25.40
2013-12-18,25.50,25.50,25.50,25.50,000,25.18
2013-12-17,25.10,25.50,25.10,25.50,800,25.18
2013-12-16,25.10,25.10,25.10,25.10,000,24.78
2013-12-13,25.10,25.10,25.10,25.10,000,24.78
2013-12-12,25.00,25.10,25.00,25.10,700,24.78
2013-12-11,25.09,25.09,25.01,25.01,800,24.53
2013-12-10,25.01,25.01,25.01,25.01,300,24.53
2013-12-09,25.00,25.01,25.00,25.01,1000,24.53
2013-12-06,25.00,25.10,25.00,25.00,2400,24.52
2013-12-05,24.78,24.78,24.78,24.78,000,24.31
2013-12-04,24.78,24.78,24.78,24.78,200,24.31
2013-12-03,25.00,25.00,24.53,24.62,2400,24.15
2013-12-02,25.05,25.05,24.93,24.93,400,24.46
2013-11-29,25.01,25.01,25.01,25.01,000,24.53
2013-11-27,25.01,25.01,25.01,25.01,200,24.53
2013-11-26,25.06,25.06,25.00,25.00,900,24.52
2013-11-25,25.06,25.06,25.01,25.01,400,24.53
2013-11-22,25.06,25.06,25.06,25.06,100,24.58
2013-11-21,25.09,25.09,25.08,25.08,900,24.60
2013-11-20,25.08,25.09,25.08,25.09,1100,24.61
2013-11-19,25.46,25.99,25.08,25.08,1300,24.60
2013-11-18,25.42,25.42,25.32,25.32,600,24.84
2013-11-15,25.00,25.32,24.94,25.32,900,24.84
2013-11-14,25.05,25.05,25.05,25.05,000,24.57
2013-11-13,25.05,25.05,25.05,25.05,000,24.57
2013-11-12,24.94,25.05,24.94,25.05,600,24.57
2013-11-11,25.10,25.10,25.10,25.10,100,24.46
2013-11-08,25.10,25.10,25.10,25.10,600,24.46
2013-11-07,25.32,25.32,25.32,25.32,1700,24.68
2013-11-06,25.10,25.10,25.10,25.10,000,24.46
2013-11-05,25.10,25.10,25.10,25.10,000,24.46
2013-11-04,25.10,25.10,25.10,25.10,100,24.46
2013-11-01,25.05,25.05,24.96,25.00,1200,24.37
2013-10-31,25.31,25.31,25.31,25.31,000,24.67
2013-10-30,25.17,25.31,25.17,25.31,800,24.67
2013-10-29,25.17,25.17,25.17,25.17,200,24.53
2013-10-28,25.19,25.19,25.19,25.19,000,24.55
2013-10-25,25.19,25.19,25.19,25.19,000,24.55
2013-10-24,25.19,25.19,25.19,25.19,100,24.55
2013-10-23,24.76,24.76,24.76,24.76,300,24.13
2013-10-22,25.00,25.00,24.97,25.00,4900,24.37
2013-10-21,24.76,24.76,24.60,24.60,400,23.98
2013-10-18,24.81,25.00,24.81,25.00,1300,24.37
2013-10-17,25.00,25.00,24.78,24.78,600,24.00
2013-10-16,25.00,25.00,25.00,25.00,000,24.21
2013-10-15,25.00,25.00,25.00,25.00,400,24.21
2013-10-14,24.76,24.76,24.76,24.76,000,23.98
2013-10-11,25.28,25.28,24.76,24.76,1900,23.98
2013-10-10,25.00,25.00,25.00,25.00,000,24.21
2013-10-09,25.00,25.00,25.00,25.00,000,24.21
2013-10-08,25.00,25.00,25.00,25.00,000,24.21
2013-10-07,25.00,25.00,25.00,25.00,1100,24.21
2013-10-04,25.01,25.01,25.00,25.00,900,24.21
2013-10-03,25.25,25.25,25.00,25.00,300,24.21
2013-10-02,25.28,25.28,25.28,25.28,000,24.48
2013-10-01,25.28,25.28,25.28,25.28,000,24.48
2013-09-30,25.29,25.29,25.28,25.28,800,24.48
2013-09-27,25.25,25.25,25.25,25.25,100,24.45
2013-09-26,25.20,25.20,25.20,25.20,100,24.40
2013-09-25,25.16,25.16,25.16,25.16,200,24.36
2013-09-24,25.32,25.32,25.32,25.32,000,24.52
2013-09-23,25.25,25.32,25.25,25.32,400,24.52
2013-09-20,25.05,25.06,25.05,25.06,300,24.27
2013-09-19,25.04,25.04,25.00,25.00,600,24.21
2013-09-18,25.00,25.00,25.00,25.00,400,24.21
2013-09-17,25.36,25.36,25.01,25.01,700,24.22
2013-09-16,25.27,25.29,25.27,25.29,900,24.49
2013-09-13,25.12,25.12,25.12,25.12,000,24.17
2013-09-12,25.01,25.12,25.01,25.12,1700,24.17
2013-09-11,25.19,25.19,25.10,25.10,600,24.15
2013-09-10,25.10,25.10,25.10,25.10,1000,24.15
2013-09-09,25.11,25.11,25.11,25.11,800,24.16
2013-09-06,25.42,25.49,25.42,25.49,2000,24.52
2013-09-05,25.45,25.45,25.45,25.45,000,24.49
2013-09-04,25.45,25.45,25.45,25.45,000,24.49
2013-09-03,25.50,25.50,25.45,25.45,500,24.49
2013-08-30,25.20,25.20,25.20,25.20,000,24.25
2013-08-29,25.20,25.20,25.20,25.20,000,24.25
2013-08-28,25.20,25.20,25.20,25.20,400,24.25
2013-08-27,25.11,25.48,25.10,25.48,700,24.52
2013-08-26,25.50,25.50,25.45,25.45,800,24.49
2013-08-23,25.35,25.35,25.35,25.35,000,24.39
2013-08-22,25.35,25.35,25.35,25.35,000,24.39
2013-08-21,25.23,25.35,25.23,25.35,1000,24.39
2013-08-20,25.00,25.00,25.00,25.00,100,24.05
2013-08-19,24.95,25.35,24.95,25.35,900,24.39
2013-08-16,25.29,25.29,25.29,25.29,1000,24.18
2013-08-15,25.13,25.13,24.76,25.00,5000,23.90
2013-08-14,25.13,25.13,25.13,25.13,000,24.02
2013-08-13,25.42,25.42,25.13,25.13,3900,24.02
2013-08-12,25.44,25.50,25.20,25.20,1100,24.09
2013-08-09,25.20,25.20,25.20,25.20,200,24.09
2013-08-08,25.20,25.20,25.13,25.20,2100,24.09
2013-08-07,25.17,25.17,25.17,25.17,000,24.06
2013-08-06,25.16,25.20,25.16,25.17,1000,24.06
2013-08-05,25.18,25.35,25.16,25.16,1800,24.05
2013-08-02,25.22,25.22,25.22,25.22,000,24.11
2013-08-01,25.42,25.42,25.22,25.22,800,24.11
2013-07-31,25.22,25.23,25.22,25.23,500,24.12
2013-07-30,25.21,25.21,25.21,25.21,000,24.10
2013-07-29,25.18,25.63,25.17,25.21,2100,24.10
2013-07-26,25.30,25.30,25.16,25.16,1400,24.05
2013-07-25,25.54,25.54,25.54,25.54,200,24.42
2013-07-24,25.64,25.64,25.64,25.64,000,24.51
2013-07-23,25.64,25.64,25.64,25.64,000,24.51
2013-07-22,25.64,25.64,25.64,25.64,600,24.51
2013-07-19,25.60,25.60,25.60,25.60,200,24.47
2013-07-18,25.70,25.70,25.70,25.70,000,24.57
2013-07-17,25.70,25.70,25.70,25.70,200,24.57
2013-07-16,25.68,25.68,25.68,25.68,400,24.40
2013-07-15,25.32,25.68,25.32,25.68,700,24.40
2013-07-12,25.31,25.31,25.31,25.31,400,24.04
2013-07-11,25.50,25.50,25.49,25.49,500,24.22
2013-07-10,25.30,25.30,25.30,25.30,000,24.04
2013-07-09,25.30,25.30,25.30,25.30,000,24.04
2013-07-08,25.30,25.30,25.30,25.30,000,24.04
2013-07-05,25.30,25.30,25.30,25.30,100,24.04
2013-07-03,25.30,25.30,25.30,25.30,000,24.04
2013-07-02,25.31,25.39,25.30,25.30,1000,24.04
2013-07-01,25.50,25.53,25.31,25.31,1000,24.04
2013-06-28,25.56,25.58,25.56,25.58,400,24.30
2013-06-27,25.26,25.26,25.26,25.26,000,24.00
2013-06-26,25.30,25.31,25.11,25.26,1400,24.00
2013-06-25,25.25,25.25,25.25,25.25,200,23.99
2013-06-24,25.18,25.20,25.18,25.20,800,23.94
2013-06-21,25.20,25.20,25.20,25.20,000,23.94
2013-06-20,25.20,25.20,25.20,25.20,000,23.94
2013-06-19,25.62,25.72,25.11,25.20,2700,23.94
2013-06-18,25.45,25.50,25.11,25.45,5200,24.18
2013-06-17,25.38,25.41,25.38,25.41,300,24.14
2013-06-14,25.53,25.57,25.53,25.57,800,24.14
2013-06-13,25.96,25.96,25.96,25.96,100,24.51
2013-06-12,25.73,25.73,25.50,25.73,1200,24.29
2013-06-11,26.06,26.06,26.00,26.00,700,24.54
2013-06-10,26.10,26.10,26.06,26.06,400,24.60
2013-06-07,26.12,26.12,26.12,26.12,500,24.66
2013-06-06,26.30,26.30,26.10,26.10,800,24.64
2013-06-05,26.17,26.17,26.01,26.01,200,24.55
2013-06-04,26.17,26.17,26.17,26.17,400,24.71
2013-06-03,26.55,26.58,26.11,26.17,2000,24.71
2013-05-31,27.00,27.00,27.00,27.00,600,25.49
2013-05-30,27.39,27.39,27.39,27.39,400,25.86
2013-05-29,27.30,27.30,27.30,27.30,000,25.77
2013-05-28,27.30,27.30,27.30,27.30,000,25.77
2013-05-24,27.30,27.30,27.30,27.30,000,25.77
2013-05-23,27.30,27.30,27.30,27.30,100,25.77
2013-05-22,26.60,26.60,26.60,26.60,100,25.11
2013-05-21,26.58,26.58,26.58,26.58,000,25.09
2013-05-20,26.58,26.58,26.58,26.58,200,25.09
2013-05-17,27.38,27.38,27.38,27.38,100,25.85
2013-05-16,26.50,26.56,26.50,26.50,1000,25.02
2013-05-15,26.92,26.92,26.92,26.92,000,25.26
2013-05-14,26.40,27.02,26.25,26.92,1000,25.26
2013-05-13,27.49,27.49,27.49,27.49,400,25.80
2013-05-10,27.49,27.49,27.30,27.30,1200,25.62
2013-05-09,26.22,27.49,26.22,27.11,2000,25.44
2013-05-08,27.00,28.48,26.99,28.48,1400,26.73
2013-05-07,26.97,27.00,26.86,27.00,1500,25.34
2013-05-06,26.75,27.00,26.19,26.28,1500,24.66
2013-05-03,26.46,26.75,26.09,26.09,900,24.48
2013-05-02,26.32,26.32,26.12,26.26,500,24.64
2013-05-01,26.28,26.28,26.14,26.14,400,24.53
2013-04-30,26.83,26.83,26.83,26.83,300,25.18
2013-04-29,26.08,26.95,26.08,26.43,900,24.80
2013-04-26,27.00,27.00,27.00,27.00,000,25.34
2013-04-25,27.17,27.17,26.64,27.00,500,25.34
2013-04-24,26.14,26.14,26.14,26.14,200,24.53
2013-04-23,27.30,27.30,26.18,26.18,1200,24.57
2013-04-22,26.34,28.76,26.34,27.49,2600,25.80
2013-04-19,27.45,27.45,27.45,27.45,000,25.76
2013-04-18,27.45,27.45,27.45,27.45,000,25.76
2013-04-17,27.45,27.45,27.45,27.45,000,25.61
2013-04-16,27.45,27.45,27.45,27.45,000,25.61
2013-04-15,29.50,29.50,26.47,27.45,1600,25.61
2013-04-12,27.50,27.50,27.44,27.44,200,25.60
2013-04-11,26.37,26.37,26.37,26.37,000,24.60
2013-04-10,26.37,26.37,26.37,26.37,000,24.60
2013-04-09,28.00,28.00,26.11,26.37,500,24.60
2013-04-08,25.84,25.89,25.84,25.89,1600,24.15
2013-04-05,25.88,25.88,25.88,25.88,200,24.14
2013-04-04,26.11,26.11,26.11,26.11,000,24.36
2013-04-03,26.43,30.39,26.11,26.11,5200,24.36
2013-04-02,25.79,25.79,25.79,25.79,000,24.06
2013-04-01,26.43,26.43,25.79,25.79,400,24.06
2013-03-28,25.99,25.99,25.99,25.99,600,24.25
2013-03-27,25.76,25.76,25.76,25.76,000,24.03
2013-03-26,25.76,25.76,25.76,25.76,100,24.03
2013-03-25,25.80,25.80,25.75,25.80,2700,24.07
2013-03-22,25.76,25.82,25.76,25.82,800,24.09
2013-03-21,25.81,25.81,25.75,25.80,700,24.07
2013-03-20,25.80,25.80,25.80,25.80,400,24.07
2013-03-19,26.00,26.00,26.00,26.00,000,24.26
2013-03-18,26.01,27.38,25.79,26.00,4400,24.26
2013-03-15,27.39,27.39,26.41,27.38,1700,25.54
2013-03-14,29.50,29.50,26.49,28.55,2200,26.63
2013-03-13,26.00,26.79,26.00,26.79,400,24.99
2013-03-12,26.25,26.25,26.06,26.10,1300,24.20
2013-03-11,26.20,26.75,26.16,26.71,2600,24.76
2013-03-08,26.06,26.10,26.06,26.10,500,24.20
2013-03-07,26.20,26.20,26.10,26.10,900,24.20
2013-03-06,26.20,26.20,26.20,26.20,100,24.29
2013-03-05,26.17,26.17,25.75,26.17,500,24.26
2013-03-04,26.20,26.20,25.75,25.75,400,23.87
2013-03-01,26.20,26.20,26.20,26.20,100,24.29
2013-02-28,25.64,25.64,25.64,25.64,400,23.77
2013-02-27,26.00,26.00,26.00,26.00,000,24.11
2013-02-26,25.84,26.00,25.84,26.00,1000,24.11
2013-02-25,25.62,25.62,25.50,25.50,300,23.64
2013-02-22,25.53,25.53,25.50,25.50,300,23.64
2013-02-21,25.50,25.50,25.50,25.50,100,23.64
2013-02-20,25.62,25.65,25.51,25.51,1700,23.65
2013-02-19,25.63,25.63,25.58,25.60,500,23.73
2013-02-15,26.21,26.21,26.21,26.21,300,24.30
2013-02-14,25.60,25.60,25.56,25.56,300,23.70
2013-02-13,26.42,26.42,26.42,26.42,000,24.49
2013-02-12,26.42,26.42,26.42,26.42,400,24.35
2013-02-11,26.50,26.50,26.50,26.50,200,24.42
2013-02-08,26.10,26.85,25.62,26.85,1300,24.74
2013-02-07,26.00,26.10,25.66,25.66,1500,23.65
2013-02-06,26.00,26.00,26.00,26.00,100,23.96
2013-02-05,25.76,26.00,25.76,26.00,500,23.96
2013-02-04,25.46,25.75,25.46,25.75,700,23.73
2013-02-01,25.76,25.76,25.73,25.73,300,23.71
2013-01-31,25.76,25.76,25.69,25.76,400,23.74
2013-01-30,25.36,25.36,25.36,25.36,000,23.37
2013-01-29,25.36,25.36,25.36,25.36,300,23.37
2013-01-28,25.35,25.35,25.35,25.35,200,23.36
2013-01-25,25.70,25.70,25.36,25.65,400,23.64
2013-01-24,25.60,25.60,25.48,25.48,600,23.48
2013-01-23,25.48,25.76,25.48,25.65,2300,23.64
2013-01-22,25.48,25.53,25.34,25.34,1300,23.35
2013-01-18,25.48,25.48,25.48,25.48,100,23.48
2013-01-17,25.76,25.76,25.67,25.74,600,23.72
2013-01-16,25.50,25.67,25.50,25.67,800,23.65
2013-01-15,25.50,25.50,25.40,25.40,300,23.26
2013-01-14,25.56,25.56,25.50,25.50,800,23.35
2013-01-11,25.74,25.74,25.74,25.74,300,23.57
2013-01-10,25.75,25.76,25.75,25.76,800,23.59
2013-01-09,25.51,25.51,25.51,25.51,000,23.36
2013-01-08,25.51,25.51,25.51,25.51,000,23.36
2013-01-07,25.52,25.52,25.51,25.51,300,23.36
2013-01-04,25.50,25.50,25.50,25.50,000,23.35
2013-01-03,25.50,25.50,25.50,25.50,400,23.35
2013-01-02,25.73,25.73,25.73,25.73,1000,23.56
2012-12-31,25.74,25.74,25.74,25.74,000,23.57
2012-12-28,25.74,25.74,25.74,25.74,000,23.57
2012-12-27,25.50,25.74,25.50,25.74,600,23.57
2012-12-26,25.50,25.50,25.50,25.50,200,23.35
2012-12-24,25.60,25.60,25.60,25.60,100,23.44
2012-12-21,25.50,25.60,25.42,25.60,500,23.44
2012-12-20,25.40,25.50,25.31,25.50,800,23.35
2012-12-19,25.45,25.50,25.45,25.50,1800,23.35
2012-12-18,25.50,25.50,25.34,25.47,3500,23.32
2012-12-17,25.53,25.53,25.33,25.33,1000,23.19
2012-12-14,25.50,25.50,25.50,25.50,000,23.20
2012-12-13,25.50,25.50,25.50,25.50,000,23.20
2012-12-12,25.50,25.50,25.50,25.50,000,23.20
2012-12-11,25.45,25.75,25.45,25.50,1100,23.20
2012-12-10,25.75,25.75,25.75,25.75,200,23.43
2012-12-07,25.49,25.49,25.49,25.49,300,23.19
2012-12-06,25.59,25.59,25.59,25.59,400,23.28
2012-12-05,25.45,25.72,25.45,25.55,1400,23.25
2012-12-04,25.67,25.75,25.55,25.75,1600,23.43
2012-12-03,25.40,25.74,25.34,25.45,2500,23.16
2012-11-30,25.65,25.71,25.30,25.30,1500,23.02
2012-11-29,25.76,25.76,25.76,25.76,000,23.44
2012-11-28,25.80,25.80,25.76,25.76,600,23.44
2012-11-27,25.27,25.99,25.27,25.49,700,23.19
2012-11-26,25.48,25.48,25.27,25.46,1000,23.17
2012-11-23,25.42,25.42,25.42,25.42,000,23.13
2012-11-21,25.42,25.42,25.42,25.42,000,23.13
2012-11-20,25.42,25.42,25.42,25.42,000,23.13
2012-11-19,25.42,25.42,25.42,25.42,000,23.13
2012-11-16,25.42,25.42,25.42,25.42,000,23.13
2012-11-15,25.42,25.42,25.42,25.42,300,23.13
2012-11-14,25.52,25.52,25.30,25.30,900,22.87
2012-11-13,25.60,25.62,25.50,25.50,1200,23.05
2012-11-12,25.55,26.10,25.55,26.10,400,23.60
2012-11-09,25.55,25.55,25.55,25.55,200,23.10
2012-11-08,25.55,25.55,25.55,25.55,000,23.10
2012-11-07,25.55,25.55,25.55,25.55,000,23.10
2012-11-06,25.60,25.60,25.55,25.55,500,23.10
2012-11-05,25.61,25.61,25.61,25.61,000,23.15
2012-11-02,26.09,26.10,25.61,25.61,1100,23.15
2012-11-01,25.57,25.57,25.57,25.57,100,23.12
2012-10-31,26.10,26.10,26.10,26.10,000,23.60
2012-10-26,26.10,26.10,26.10,26.10,200,23.60
2012-10-25,25.74,25.74,25.74,25.74,000,23.27
2012-10-24,25.74,25.74,25.74,25.74,000,23.27
2012-10-23,25.34,25.74,25.34,25.74,300,23.27
2012-10-22,26.10,26.10,26.10,26.10,100,23.60
2012-10-19,25.75,25.75,25.75,25.75,000,23.28
2012-10-18,25.75,25.75,25.75,25.75,000,23.28
2012-10-17,25.75,25.75,25.75,25.75,000,23.13
2012-10-16,25.75,25.75,25.75,25.75,000,23.13
2012-10-15,25.75,25.75,25.75,25.75,000,23.13
2012-10-12,25.50,25.75,25.50,25.75,700,23.13
2012-10-11,25.93,25.93,25.93,25.93,100,23.30
2012-10-10,25.93,25.93,25.93,25.93,000,23.30
2012-10-09,25.93,25.93,25.93,25.93,000,23.30
2012-10-08,25.93,25.93,25.93,25.93,000,23.30
2012-10-05,25.93,25.93,25.93,25.93,000,23.30
2012-10-04,25.93,25.93,25.93,25.93,000,23.30
2012-10-03,25.94,25.94,25.93,25.93,800,23.30
2012-10-02,25.25,25.25,25.25,25.25,000,22.69
2012-10-01,25.25,25.25,25.25,25.25,000,22.69
2012-09-28,25.25,25.25,25.25,25.25,400,22.69
2012-09-27,25.95,25.95,25.95,25.95,200,23.31
2012-09-26,25.96,25.96,25.96,25.96,300,23.32
2012-09-25,26.00,26.00,26.00,26.00,000,23.36
2012-09-24,26.00,26.00,26.00,26.00,200,23.36
2012-09-21,25.21,25.21,25.21,25.21,000,22.65
2012-09-20,25.21,25.21,25.21,25.21,000,22.65
2012-09-19,25.21,25.21,25.21,25.21,100,22.65
2012-09-18,25.96,25.96,25.96,25.96,000,23.32
2012-09-17,25.75,25.99,25.75,25.96,800,23.32
2012-09-14,25.75,25.75,25.75,25.75,100,22.99
2012-09-13,25.40,25.40,25.21,25.21,300,22.51
2012-09-12,25.40,25.40,25.40,25.40,200,22.68
2012-09-11,25.37,25.37,25.32,25.36,800,22.64
2012-09-10,25.22,25.50,25.22,25.50,500,22.77
2012-09-07,25.21,25.70,25.18,25.60,1600,22.86
2012-09-06,25.18,25.70,25.18,25.65,600,22.90
2012-09-05,25.62,25.62,25.39,25.62,1300,22.87
2012-09-04,25.62,25.62,25.62,25.62,500,22.87
2012-08-31,25.40,25.60,25.40,25.60,600,22.86
2012-08-30,25.36,25.36,25.33,25.33,900,22.61
2012-08-29,25.33,25.33,25.33,25.33,000,22.61
2012-08-28,25.33,25.33,25.33,25.33,600,22.61
2012-08-27,25.38,25.38,25.33,25.33,1200,22.61
2012-08-24,25.37,25.37,25.33,25.33,300,22.61
2012-08-23,25.40,25.40,25.40,25.40,000,22.68
2012-08-22,25.52,25.52,25.40,25.40,900,22.68
2012-08-21,25.33,25.33,25.33,25.33,200,22.61
2012-08-20,26.11,26.11,26.11,26.11,000,23.31
2012-08-17,26.11,26.11,26.11,26.11,400,23.17
2012-08-16,25.86,26.11,25.86,26.11,800,23.17
2012-08-15,25.96,25.96,25.96,25.96,100,23.03
2012-08-14,25.70,25.70,25.70,25.70,000,22.80
2012-08-13,25.70,25.70,25.70,25.70,000,22.80
2012-08-10,25.70,25.70,25.70,25.70,000,22.80
2012-08-09,25.70,25.70,25.70,25.70,000,22.80
2012-08-08,25.70,25.70,25.70,25.70,200,22.80
2012-08-07,25.89,25.89,25.65,25.65,600,22.76
2012-08-06,25.65,25.93,25.65,25.65,600,22.76
2012-08-03,25.65,25.65,25.65,25.65,100,22.76
2012-08-02,25.65,25.65,25.65,25.65,000,22.76
2012-08-01,25.65,25.65,25.65,25.65,600,22.76
2012-07-31,25.65,25.65,25.65,25.65,500,22.76
2012-07-30,25.65,25.65,25.65,25.65,100,22.76
2012-07-27,25.69,25.69,25.66,25.66,700,22.77
2012-07-26,25.70,25.70,25.70,25.70,000,22.80
2012-07-25,25.70,25.70,25.70,25.70,000,22.80
2012-07-24,25.70,25.70,25.70,25.70,500,22.80
2012-07-23,25.50,25.50,25.50,25.50,500,22.63
2012-07-20,25.70,25.97,25.70,25.70,900,22.80
2012-07-19,25.70,25.70,25.70,25.70,400,22.80
2012-07-18,25.48,25.48,25.48,25.48,300,22.61
2012-07-17,25.44,25.44,25.44,25.44,300,22.43
2012-07-16,25.26,25.45,25.22,25.45,3700,22.44
2012-07-13,25.31,25.45,25.31,25.44,9200,22.43
2012-07-12,25.15,25.15,25.15,25.15,200,22.17
2012-07-11,25.15,25.25,25.03,25.25,1400,22.26
2012-07-10,25.40,25.41,25.39,25.41,1300,22.40
2012-07-09,25.45,25.45,25.45,25.45,000,22.44
2012-07-06,25.45,25.45,25.45,25.45,100,22.44
2012-07-05,25.03,25.47,25.03,25.47,700,22.46
2012-07-03,25.40,25.40,25.40,25.40,000,22.39
2012-07-02,25.02,25.43,25.02,25.40,1500,22.39
2012-06-29,25.25,25.25,25.25,25.25,000,22.26
2012-06-28,25.13,25.47,25.13,25.25,1800,22.26
2012-06-27,25.48,25.48,25.48,25.48,000,22.47
2012-06-26,25.07,25.48,25.07,25.48,2900,22.47
2012-06-25,25.20,25.20,25.07,25.07,1300,22.10
2012-06-22,25.10,25.10,25.10,25.10,000,22.13
2012-06-21,25.14,25.14,25.10,25.10,1800,22.13
2012-06-20,25.11,25.11,25.10,25.10,1200,22.13
2012-06-19,25.00,25.07,25.00,25.07,1100,22.10
2012-06-18,25.06,25.06,25.06,25.06,000,22.09
2012-06-15,25.07,25.07,25.06,25.06,300,21.95
2012-06-14,25.22,25.38,25.22,25.38,700,22.23
2012-06-13,25.50,25.50,25.04,25.08,3000,21.97
2012-06-12,25.25,25.52,25.03,25.03,1200,21.93
2012-06-11,25.57,25.57,25.57,25.57,000,22.40
2012-06-08,25.57,25.57,25.57,25.57,200,22.40
2012-06-07,25.40,25.40,25.40,25.40,400,22.25
2012-06-06,25.40,25.70,25.40,25.40,1600,22.25
2012-06-05,25.35,25.45,25.35,25.40,1000,22.25
2012-06-04,25.40,25.40,25.40,25.40,000,22.25
2012-06-01,25.45,25.45,25.40,25.40,1100,22.25
2012-05-31,25.45,25.45,25.45,25.45,700,22.29
2012-05-30,24.96,24.96,24.96,24.96,000,21.87
2012-05-29,25.45,25.45,24.95,24.96,1300,21.87
2012-05-25,25.29,25.44,25.27,25.44,1200,22.29
2012-05-24,25.45,25.45,24.81,25.31,2400,22.17
2012-05-23,25.48,25.48,25.45,25.45,2800,22.29
2012-05-22,25.61,25.61,25.46,25.46,600,22.30
2012-05-21,25.25,25.70,25.20,25.70,2100,22.51
2012-05-18,25.25,25.25,25.25,25.25,100,22.12
2012-05-17,25.25,25.25,25.00,25.00,500,21.90
2012-05-16,25.05,25.05,25.05,25.05,200,21.94
2012-05-15,25.04,25.13,25.04,25.13,400,21.87
2012-05-14,25.04,25.54,25.04,25.54,200,22.23
2012-05-11,25.69,25.69,25.05,25.05,400,21.80
2012-05-10,25.09,25.09,25.09,25.09,300,21.84
2012-05-09,25.03,25.06,25.03,25.04,2800,21.79
2012-05-08,25.01,25.01,25.01,25.01,100,21.77
2012-05-07,25.05,25.24,24.85,25.19,1000,21.93
2012-05-04,25.30,25.30,25.05,25.05,700,21.80
2012-05-03,25.05,25.05,25.01,25.01,600,21.77
2012-05-02,25.30,25.30,25.25,25.25,400,21.98
2012-05-01,25.00,25.00,25.00,25.00,000,21.76
2012-04-30,25.17,25.28,25.00,25.00,1500,21.76
2012-04-27,25.40,25.40,25.07,25.07,1200,21.82
2012-04-26,25.47,25.47,25.47,25.47,000,22.17
2012-04-25,25.47,25.47,25.47,25.47,000,22.17
2012-04-24,25.47,25.47,25.47,25.47,300,22.17
2012-04-23,25.50,25.50,25.50,25.50,100,22.20
2012-04-20,25.29,25.29,25.29,25.29,000,22.01
2012-04-19,25.30,25.30,25.29,25.29,400,22.01
2012-04-18,25.10,25.10,25.09,25.09,1200,21.84
2012-04-17,25.18,25.18,25.18,25.18,000,21.78
2012-04-16,25.18,25.18,25.18,25.18,000,21.78
2012-04-13,25.25,25.25,25.18,25.18,600,21.78
2012-04-12,25.18,25.18,25.18,25.18,000,21.78
2012-04-11,25.18,25.18,25.18,25.18,100,21.78
2012-04-10,25.29,25.29,25.29,25.29,000,21.87
2012-04-09,25.30,25.30,25.29,25.29,200,21.87
2012-04-05,25.30,25.30,25.30,25.30,000,21.88
2012-04-04,25.28,25.30,25.28,25.30,900,21.88
2012-04-03,25.60,25.60,25.60,25.60,000,22.14
2012-04-02,25.60,25.60,25.60,25.60,000,22.14
2012-03-30,24.86,25.60,24.86,25.60,700,22.14
2012-03-29,24.88,25.00,24.85,25.00,1100,21.62
2012-03-28,25.20,25.20,25.20,25.20,000,21.79
2012-03-27,25.18,25.20,24.81,25.20,1700,21.79
2012-03-26,24.90,24.90,24.90,24.90,000,21.53
2012-03-23,24.90,24.90,24.90,24.90,000,21.53
2012-03-22,24.90,24.90,24.90,24.90,700,21.53
2012-03-21,25.11,25.11,25.11,25.11,000,21.72
2012-03-20,25.11,25.11,25.11,25.11,600,21.72
2012-03-19,25.35,25.35,25.35,25.35,000,21.78
2012-03-16,25.35,25.35,25.35,25.35,100,21.78
2012-03-15,25.00,25.00,25.00,25.00,200,21.48
2012-03-14,25.17,25.17,24.91,24.91,2300,21.41
2012-03-13,24.98,24.98,24.90,24.90,2000,21.40
2012-03-12,24.98,24.98,24.96,24.96,700,21.45
2012-03-09,24.95,25.01,24.95,25.01,1300,21.49
2012-03-08,24.96,25.07,24.96,25.07,1500,21.54
2012-03-07,25.09,25.09,24.95,25.00,900,21.48
2012-03-06,25.58,25.85,24.62,24.95,20800,21.44
2012-03-05,25.50,25.50,25.50,25.50,000,21.91
2012-03-02,25.50,25.50,25.50,25.50,000,21.91
2012-03-01,25.53,25.53,25.50,25.50,300,21.91
2012-02-29,25.69,25.69,25.69,25.69,000,22.08
2012-02-28,25.83,25.85,25.69,25.69,2300,22.08
2012-02-27,25.74,25.80,25.74,25.80,600,22.17
2012-02-24,25.22,25.85,25.22,25.84,700,22.21
2012-02-23,25.62,25.62,25.11,25.11,8200,21.58
2012-02-22,25.64,25.67,25.64,25.65,700,22.04
2012-02-21,25.70,25.70,25.60,25.60,11900,22.00
2012-02-17,25.47,25.70,25.40,25.60,5000,22.00
2012-02-16,25.07,25.07,25.07,25.07,000,21.54
2012-02-15,25.20,25.25,25.00,25.07,2500,21.41
2012-02-14,25.00,25.25,25.00,25.25,1100,21.56
2012-02-13,24.85,24.85,24.85,24.85,000,21.22
2012-02-10,24.85,24.85,24.85,24.85,800,21.22
2012-02-09,25.25,25.25,25.25,25.25,000,21.56
2012-02-08,25.02,25.25,25.00,25.25,1200,21.56
2012-02-07,25.47,25.47,25.47,25.47,200,21.75
2012-02-06,25.00,25.00,25.00,25.00,200,21.35
2012-02-03,25.00,25.00,25.00,25.00,000,21.35
2012-02-02,25.07,25.07,25.00,25.00,300,21.35
2012-02-01,24.95,24.95,24.95,24.95,300,21.30
2012-01-31,25.00,25.00,25.00,25.00,300,21.35
2012-01-30,25.23,25.23,25.23,25.23,500,21.54
2012-01-27,25.14,25.14,25.14,25.14,000,21.47
2012-01-26,24.98,25.15,24.75,25.14,2300,21.47
2012-01-25,24.90,24.95,24.80,24.95,4800,21.30
2012-01-24,24.80,24.80,24.80,24.80,1900,21.17
2012-01-23,24.86,24.86,24.80,24.84,2000,21.21
2012-01-20,24.88,24.88,24.88,24.88,000,21.24
2012-01-19,24.51,24.97,24.50,24.88,2200,21.24
2012-01-18,24.50,24.97,24.50,24.97,1000,21.18
2012-01-17,24.50,24.50,24.50,24.50,000,20.78
2012-01-13,24.38,24.50,24.38,24.50,700,20.78
2012-01-12,24.54,24.54,24.30,24.30,300,20.61
2012-01-11,24.47,24.50,24.47,24.50,1300,20.78
2012-01-10,24.55,24.55,24.00,24.50,4600,20.78
2012-01-09,24.36,24.50,24.35,24.50,2000,20.78
2012-01-06,24.41,24.41,24.41,24.41,000,20.71
2012-01-05,24.44,24.55,24.41,24.41,1000,20.71
2012-01-04,24.44,24.44,24.26,24.40,800,20.70
2012-01-03,24.41,24.41,24.40,24.40,300,20.70
2011-12-30,24.30,24.30,24.08,24.11,300,20.45
2011-12-29,24.37,24.37,23.95,24.30,1200,20.61
2011-12-28,23.90,24.00,23.90,23.90,1800,20.27
2011-12-27,24.44,24.44,24.38,24.41,2100,20.71
2011-12-23,23.90,24.24,23.90,23.94,1000,20.31
2011-12-22,23.77,23.77,23.77,23.77,000,20.16
2011-12-21,23.92,23.92,23.56,23.77,1800,20.16
2011-12-20,23.84,23.84,23.58,23.79,2600,20.18
2011-12-19,24.69,24.69,23.71,23.84,3000,20.22
2011-12-16,24.55,24.55,24.55,24.55,100,20.69
2011-12-15,24.48,24.55,24.48,24.55,600,20.69
2011-12-14,24.69,24.69,24.00,24.11,5300,20.32
2011-12-13,24.47,24.47,24.45,24.45,400,20.61
2011-12-12,24.42,24.42,24.42,24.42,100,20.58
2011-12-09,24.66,24.66,24.66,24.66,200,20.78
2011-12-08,24.45,24.45,24.45,24.45,100,20.61
2011-12-07,24.00,24.00,24.00,24.00,500,20.23
2011-12-06,23.86,24.00,23.86,24.00,400,20.23
2011-12-05,24.00,24.15,24.00,24.15,500,20.35
2011-12-02,24.11,24.11,24.00,24.00,1700,20.23
2011-12-01,23.96,24.00,23.65,24.00,2800,20.23
2011-11-30,24.50,24.50,23.95,23.95,6300,20.18
2011-11-29,24.40,24.40,24.40,24.40,100,20.56
2011-11-28,24.50,24.50,24.38,24.40,900,20.56
2011-11-25,24.50,24.50,24.38,24.38,400,20.55
2011-11-23,24.11,24.11,24.11,24.11,800,20.32
2011-11-22,24.37,24.37,24.33,24.33,300,20.50
2011-11-21,24.45,24.45,24.37,24.37,600,20.54
2011-11-18,24.40,24.44,24.40,24.40,700,20.56
2011-11-17,24.44,24.45,24.40,24.40,900,20.56
2011-11-16,24.44,24.44,24.44,24.44,000,20.60
2011-11-15,24.60,24.60,24.34,24.44,1400,20.60
2011-11-14,25.13,25.13,24.84,24.88,1300,20.83
2011-11-11,24.75,25.24,24.50,25.24,1500,21.13
2011-11-10,24.94,24.94,24.94,24.94,200,20.88
2011-11-09,24.63,24.63,24.63,24.63,100,20.62
2011-11-08,24.60,24.60,24.60,24.60,500,20.60
2011-11-07,24.53,24.53,24.53,24.53,000,20.54
2011-11-04,25.30,25.30,24.53,24.53,600,20.54
2011-11-03,25.04,25.04,24.99,25.04,600,20.97
2011-11-02,24.50,24.50,24.50,24.50,000,20.51
2011-11-01,24.50,24.50,24.50,24.50,200,20.51
2011-10-31,24.55,24.55,24.50,24.50,400,20.51
2011-10-28,24.51,24.51,24.51,24.51,000,20.52
2011-10-27,25.54,25.54,24.51,24.51,3000,20.52
2011-10-26,24.80,24.80,24.80,24.80,000,20.77
2011-10-25,25.05,25.05,24.80,24.80,200,20.77
2011-10-24,24.50,24.50,24.50,24.50,000,20.51
2011-10-21,24.50,24.50,24.50,24.50,1000,20.51
2011-10-20,24.58,24.74,24.58,24.74,700,20.71
2011-10-19,25.48,25.48,24.30,24.74,900,20.71
2011-10-18,24.76,24.76,24.76,24.76,000,20.60
2011-10-17,24.75,24.84,24.75,24.76,1700,20.60
2011-10-14,24.73,25.40,24.73,25.00,500,20.80
2011-10-13,24.50,25.00,24.50,25.00,8700,20.80
2011-10-12,24.66,24.67,24.60,24.65,1400,20.51
2011-10-11,23.40,23.40,23.40,23.40,000,19.47
2011-10-10,23.40,23.40,23.40,23.40,000,19.47
2011-10-07,23.42,23.45,23.40,23.40,800,19.47
2011-10-06,23.80,23.80,23.75,23.75,600,19.76
2011-10-05,23.35,23.75,23.35,23.75,800,19.76
2011-10-04,23.71,23.73,23.33,23.35,2800,19.42
2011-10-03,23.35,23.69,23.34,23.69,700,19.71
2011-09-30,23.66,23.66,23.66,23.66,200,19.68
2011-09-29,23.65,23.68,23.65,23.65,800,19.67
2011-09-28,23.34,23.34,23.34,23.34,400,19.42
2011-09-27,23.95,23.95,23.95,23.95,200,19.92
2011-09-26,23.70,23.70,23.70,23.70,000,19.72
2011-09-23,24.46,24.46,23.53,23.70,2400,19.72
2011-09-22,24.07,24.07,23.52,24.00,1700,19.96
2011-09-21,24.05,24.20,24.02,24.19,1200,20.12
2011-09-20,24.02,24.02,24.02,24.02,800,19.98
2011-09-19,24.80,24.80,24.80,24.80,400,20.50
2011-09-16,24.13,24.13,24.13,24.13,000,19.94
2011-09-15,24.13,24.13,24.13,24.13,000,19.94
2011-09-14,24.65,24.65,24.13,24.13,900,19.94
2011-09-13,24.23,24.23,24.23,24.23,100,20.03
2011-09-12,24.12,24.12,24.12,24.12,100,19.93
2011-09-09,24.88,24.88,24.12,24.42,1900,20.18
2011-09-08,24.85,24.85,24.85,24.85,100,20.54
2011-09-07,24.04,24.04,24.04,24.04,000,19.87
2011-09-06,24.27,24.27,23.89,24.04,1700,19.87
2011-09-02,24.77,24.88,24.77,24.88,700,20.56
2011-09-01,24.26,24.77,24.26,24.77,700,20.47
2011-08-31,24.02,24.69,24.02,24.69,300,20.41
2011-08-30,24.25,24.25,24.25,24.25,400,20.04
2011-08-29,23.50,24.88,23.23,24.50,15100,20.25
2011-08-26,23.31,23.46,22.85,23.40,3500,19.34
2011-08-25,23.77,23.77,23.75,23.75,800,19.63
2011-08-24,24.20,24.20,24.20,24.20,700,20.00
2011-08-23,23.25,23.78,23.25,23.75,1000,19.63
2011-08-22,24.01,24.86,23.33,24.00,5600,19.84
2011-08-19,25.50,25.50,25.50,25.50,600,21.07
2011-08-18,24.00,24.00,24.00,24.00,000,19.84
2011-08-17,24.00,24.00,24.00,24.00,400,19.84
2011-08-16,24.00,24.00,24.00,24.00,1100,19.70
2011-08-15,23.51,23.94,23.51,23.93,1500,19.64
2011-08-12,23.25,23.25,23.25,23.25,000,19.09
2011-08-11,24.10,24.10,23.25,23.25,3500,19.09
2011-08-10,23.67,23.67,23.67,23.67,000,19.43
2011-08-09,24.16,24.16,23.49,23.67,2300,19.43
2011-08-08,24.60,24.60,24.30,24.30,2100,19.95
2011-08-05,24.70,24.70,24.70,24.70,300,20.28
2011-08-04,24.70,24.70,24.70,24.70,300,20.28
2011-08-03,25.06,25.08,24.90,24.91,2400,20.45
2011-08-02,24.75,24.75,24.75,24.75,000,20.32
2011-08-01,24.75,24.75,24.75,24.75,200,20.32
2011-07-29,24.75,24.76,24.75,24.75,1800,20.32
2011-07-28,24.76,24.76,24.76,24.76,000,20.33
2011-07-27,24.81,24.81,24.76,24.76,1000,20.33
2011-07-26,25.00,25.00,25.00,25.00,000,20.52
2011-07-25,25.04,25.04,25.00,25.00,500,20.52
2011-07-22,25.10,25.10,24.85,25.00,3700,20.52
2011-07-21,24.99,25.00,24.76,24.76,800,20.33
2011-07-20,24.86,24.98,24.80,24.98,800,20.51
2011-07-19,24.98,24.98,24.98,24.98,100,20.37
2011-07-18,24.95,24.95,24.80,24.80,600,20.23
2011-07-15,24.99,24.99,24.85,24.85,900,20.27
2011-07-14,24.85,24.85,24.82,24.82,600,20.24
2011-07-13,24.64,24.65,24.63,24.64,1400,20.10
2011-07-12,24.75,24.81,24.75,24.80,1000,20.23
2011-07-11,24.78,24.78,24.78,24.78,100,20.21
2011-07-08,24.86,24.86,24.86,24.86,300,20.28
2011-07-07,24.66,24.75,24.65,24.65,700,20.11
2011-07-06,24.78,24.78,24.78,24.78,000,20.21
2011-07-05,24.78,24.78,24.78,24.78,000,20.21
2011-07-01,24.76,24.78,24.76,24.78,600,20.21
2011-06-30,24.75,24.75,24.61,24.61,1400,20.07
2011-06-29,24.94,24.94,24.33,24.49,4000,19.97
2011-06-28,24.97,24.97,24.95,24.95,900,20.35
2011-06-27,24.95,24.95,24.95,24.95,1100,20.35
2011-06-24,24.95,24.95,24.95,24.95,000,20.35
2011-06-23,24.95,24.95,24.95,24.95,200,20.35
2011-06-22,24.90,24.90,24.74,24.85,2000,20.27
2011-06-21,24.89,24.90,24.89,24.89,800,20.30
2011-06-20,24.92,24.92,24.92,24.92,200,20.33
2011-06-17,24.66,24.71,24.66,24.68,1700,20.13
2011-06-16,24.96,24.99,24.66,24.96,1000,20.36
2011-06-15,24.96,24.96,24.84,24.89,500,20.17
2011-06-14,24.82,24.85,24.82,24.85,300,20.14
2011-06-13,24.94,24.94,24.94,24.94,000,20.21
2011-06-10,24.99,24.99,24.94,24.94,400,20.21
2011-06-09,24.98,24.98,24.98,24.98,300,20.24
2011-06-08,24.90,25.00,24.81,24.81,1100,20.10
2011-06-07,24.90,24.90,24.90,24.90,200,20.18
2011-06-06,24.91,24.92,24.90,24.90,700,20.18
2011-06-03,24.90,24.90,24.90,24.90,300,20.18
2011-06-02,24.80,24.91,24.80,24.89,400,20.17
2011-06-01,24.98,25.00,24.93,24.93,1100,20.20
2011-05-31,24.56,24.65,24.56,24.59,1500,19.93
2011-05-27,24.65,24.65,24.65,24.65,1500,19.98
2011-05-26,24.70,24.82,24.65,24.65,1300,19.98
2011-05-25,24.67,24.75,24.65,24.71,1900,20.02
2011-05-24,24.69,24.72,24.53,24.70,1800,20.02
2011-05-23,24.71,24.71,24.71,24.71,300,20.02
2011-05-20,24.78,24.78,24.65,24.65,500,19.98
2011-05-19,24.69,24.81,24.69,24.81,400,20.10
2011-05-18,25.01,25.11,25.01,25.11,400,20.35
2011-05-17,25.40,25.40,25.40,25.40,000,20.45
2011-05-16,25.40,25.40,25.40,25.40,000,20.45
2011-05-13,25.40,25.40,25.40,25.40,000,20.45
2011-05-12,25.40,25.40,25.40,25.40,500,20.45
2011-05-11,24.61,24.93,24.61,24.93,1000,20.07
2011-05-10,24.60,24.81,24.58,24.60,3600,19.81
2011-05-09,24.79,24.81,24.63,24.75,700,19.93
2011-05-06,24.81,24.81,24.80,24.80,700,19.97
2011-05-05,24.82,24.90,24.77,24.80,1200,19.97
2011-05-04,25.23,25.23,24.54,24.55,1200,19.77
2011-05-03,24.54,24.56,24.54,24.56,200,19.78
2011-05-02,24.55,24.56,24.50,24.50,2700,19.73
2011-04-29,24.54,24.66,24.54,24.62,1500,19.82
2011-04-28,24.63,24.63,24.63,24.63,400,19.83
2011-04-27,24.63,25.24,24.63,25.24,600,20.32
2011-04-26,24.78,25.35,24.40,25.35,2600,20.41
2011-04-25,25.40,25.40,25.40,25.40,000,20.45
2011-04-21,25.40,25.40,25.40,25.40,000,20.45
2011-04-20,25.40,25.40,25.40,25.40,000,20.45
2011-04-19,25.40,25.40,25.40,25.40,000,20.45
2011-04-18,25.40,25.40,25.40,25.40,000,20.32
2011-04-15,24.97,26.40,24.77,25.40,2400,20.32
2011-04-14,24.57,24.57,24.57,24.57,000,19.66
2011-04-13,24.57,24.57,24.57,24.57,200,19.66
2011-04-12,25.00,25.00,25.00,25.00,000,20.00
2011-04-11,25.00,25.00,25.00,25.00,100,20.00
2011-04-08,24.77,24.77,24.77,24.77,000,19.82
2011-04-07,24.77,24.77,24.77,24.77,000,19.82
2011-04-06,25.25,25.25,24.76,24.77,2700,19.82
2011-04-05,25.01,25.36,24.98,25.36,1600,20.29
2011-04-04,25.01,25.25,25.01,25.05,700,20.04
2011-04-01,25.01,25.01,25.01,25.01,1000,20.01
2011-03-31,24.86,27.54,24.86,25.44,10300,20.35
2011-03-30,24.56,24.56,24.56,24.56,000,19.65
2011-03-29,24.56,24.56,24.56,24.56,500,19.65
2011-03-28,24.56,24.73,24.55,24.73,700,19.79
2011-03-25,24.70,24.70,24.70,24.70,500,19.76
2011-03-24,24.58,24.58,24.58,24.58,300,19.67
2011-03-23,24.98,24.98,24.93,24.93,1400,19.95
2011-03-22,24.95,24.95,24.95,24.95,000,19.96
2011-03-21,24.95,24.95,24.95,24.95,100,19.96
2011-03-18,24.46,24.49,24.36,24.36,2100,19.49
2011-03-17,24.41,24.41,24.41,24.41,400,19.53
2011-03-16,24.71,24.95,24.57,24.95,2100,19.83
2011-03-15,24.68,24.98,24.68,24.98,600,19.86
2011-03-14,24.94,24.94,24.94,24.94,100,19.83
2011-03-11,24.94,24.94,24.94,24.94,500,19.83
2011-03-10,24.84,24.98,24.68,24.95,2300,19.83
2011-03-09,24.87,25.00,24.85,25.00,2300,19.87
2011-03-08,24.95,25.00,24.92,25.00,1000,19.87
2011-03-07,25.00,25.00,25.00,25.00,000,19.87
2011-03-04,25.00,25.00,25.00,25.00,200,19.87
2011-03-03,24.85,24.85,24.85,24.85,000,19.75
2011-03-02,24.85,24.85,24.85,24.85,000,19.75
2011-03-01,24.83,24.90,24.83,24.85,900,19.75
2011-02-28,24.87,25.00,24.87,25.00,900,19.87
2011-02-25,24.82,24.99,24.82,24.94,1600,19.83
2011-02-24,24.77,25.00,24.77,25.00,1400,19.87
2011-02-23,25.15,25.15,25.15,25.15,000,19.99
2011-02-22,25.15,25.15,25.15,25.15,100,19.99
2011-02-18,25.00,25.00,25.00,25.00,000,19.87
2011-02-17,25.25,25.25,25.00,25.00,1500,19.87
2011-02-16,25.25,25.25,25.25,25.25,1000,20.07
2011-02-15,24.83,25.19,24.83,25.12,1800,19.84
2011-02-14,24.80,25.39,24.77,25.39,3900,20.05
2011-02-11,25.15,25.15,24.77,24.77,900,19.56
2011-02-10,25.15,25.15,25.15,25.15,200,19.86
2011-02-09,24.90,24.90,24.90,24.90,100,19.67
2011-02-08,25.60,25.60,25.15,25.15,1100,19.86
2011-02-07,24.93,26.00,24.93,25.60,3100,20.22
2011-02-04,24.63,24.63,24.63,24.63,000,19.45
2011-02-03,24.63,24.63,24.63,24.63,000,19.45
2011-02-02,24.63,24.63,24.63,24.63,300,19.45
2011-02-01,24.81,24.81,24.81,24.81,000,19.60
2011-01-31,24.79,25.00,24.79,24.81,1100,19.60
2011-01-28,24.55,24.55,24.55,24.55,200,19.39
2011-01-27,24.55,24.55,24.55,24.55,000,19.39
2011-01-26,24.80,24.80,24.50,24.55,1200,19.39
2011-01-25,24.80,24.80,24.80,24.80,100,19.59
2011-01-24,24.46,24.85,24.44,24.85,500,19.63
2011-01-21,25.00,25.00,25.00,25.00,000,19.75
2011-01-20,25.00,25.00,25.00,25.00,200,19.75
2011-01-19,25.00,25.00,25.00,25.00,200,19.75
2011-01-18,25.00,25.00,24.99,25.00,6100,19.62
2011-01-14,24.94,25.12,24.67,24.67,1000,19.36
2011-01-13,24.63,24.63,24.61,24.61,500,19.31
2011-01-12,24.61,24.61,24.61,24.61,000,19.31
2011-01-11,24.61,24.61,24.61,24.61,100,19.31
2011-01-10,24.50,24.60,24.50,24.60,2400,19.31
2011-01-07,24.52,24.52,24.51,24.51,200,19.23
2011-01-06,24.74,24.75,24.74,24.75,500,19.42
2011-01-05,24.61,24.61,24.61,24.61,100,19.31
2011-01-04,25.47,25.47,24.55,24.55,400,19.27
2011-01-03,25.10,25.10,25.10,25.10,300,19.70
2010-12-31,24.75,24.75,24.52,24.52,1000,19.24
2010-12-30,25.05,25.05,25.05,25.05,000,19.66
2010-12-29,25.05,25.05,25.05,25.05,000,19.66
2010-12-28,24.90,25.05,24.85,25.05,2600,19.66
2010-12-27,24.45,24.83,24.45,24.83,1400,19.49
2010-12-23,24.39,24.42,24.20,24.24,9100,19.02
2010-12-22,24.23,24.23,24.00,24.00,2000,18.83
2010-12-21,24.40,24.40,24.40,24.40,400,19.15
2010-12-20,24.80,24.80,24.21,24.42,2300,19.04
2010-12-17,24.85,24.85,24.85,24.85,000,19.37
2010-12-16,24.85,24.85,24.85,24.85,200,19.37
2010-12-15,24.44,24.44,24.41,24.41,300,19.03
2010-12-14,24.75,24.75,24.41,24.41,1100,19.03
2010-12-13,24.40,24.40,24.40,24.40,100,19.02
2010-12-10,24.25,24.28,24.17,24.28,500,18.93
2010-12-09,24.17,24.17,24.17,24.17,000,18.84
2010-12-08,24.56,24.56,24.16,24.17,2800,18.84
2010-12-07,24.56,24.75,24.56,24.56,2800,19.15
2010-12-06,24.57,24.57,24.55,24.56,1200,19.15
2010-12-03,24.56,24.78,24.52,24.78,3700,19.32
2010-12-02,24.60,24.80,24.45,24.80,1300,19.33
2010-12-01,24.52,24.56,24.51,24.51,400,19.11
2010-11-30,24.54,24.54,24.54,24.54,000,19.13
2010-11-29,24.55,24.60,24.54,24.54,1000,19.13
2010-11-26,24.75,24.80,24.75,24.80,200,19.33
2010-11-24,24.52,24.95,24.52,24.95,1000,19.45
2010-11-23,25.02,25.05,24.52,24.52,2300,19.12
2010-11-22,25.01,25.01,25.01,25.01,200,19.50
2010-11-19,25.35,26.59,25.00,25.00,7600,19.49
2010-11-18,24.75,24.75,24.75,24.75,1000,19.29
2010-11-17,24.65,24.65,24.65,24.65,000,19.22
2010-11-16,24.65,24.65,24.65,24.65,100,19.09
2010-11-15,24.89,24.90,24.62,24.85,2200,19.25
2010-11-12,24.89,24.89,24.89,24.89,200,19.28
2010-11-11,24.70,24.70,24.70,24.70,200,19.13
2010-11-10,24.70,24.70,24.70,24.70,500,19.13
2010-11-09,24.60,24.87,24.60,24.75,3700,19.17
2010-11-08,24.91,24.91,24.54,24.61,1900,19.06
2010-11-05,24.54,24.89,24.51,24.52,2600,18.99
2010-11-04,24.75,24.90,24.59,24.90,700,19.29
2010-11-03,24.95,24.95,24.52,24.52,200,18.99
2010-11-02,24.55,24.60,24.50,24.55,4100,19.01
2010-11-01,24.62,24.62,24.50,24.50,800,18.98
2010-10-29,24.62,24.62,24.61,24.61,1100,19.06
2010-10-28,24.80,24.96,24.80,24.96,300,19.33
2010-10-27,24.69,24.87,24.61,24.61,2600,19.06
2010-10-26,24.76,24.98,24.71,24.78,1500,19.19
2010-10-25,24.66,24.99,24.62,24.86,500,19.25
2010-10-22,24.50,24.50,24.50,24.50,000,18.98
2010-10-21,27.45,27.45,24.50,24.50,600,18.98
2010-10-20,24.63,24.76,24.55,24.55,1600,19.01
2010-10-19,24.55,24.55,24.55,24.55,200,19.01
2010-10-18,25.02,25.11,24.55,24.55,1100,18.89
2010-10-15,24.97,25.00,24.97,25.00,400,19.24
2010-10-14,24.50,24.55,24.50,24.55,1000,18.89
2010-10-13,24.60,24.60,24.51,24.51,1200,18.86
2010-10-12,24.57,24.57,24.53,24.53,500,18.87
2010-10-11,25.67,25.67,24.55,24.55,200,18.89
2010-10-08,24.55,24.84,24.51,24.51,1900,18.86
2010-10-07,24.69,24.69,24.69,24.69,000,19.00
2010-10-06,24.65,25.00,24.65,24.69,1700,19.00
2010-10-05,24.52,24.52,24.52,24.52,100,18.87
2010-10-04,24.80,24.94,24.53,24.53,800,18.87
2010-10-01,24.80,24.80,24.80,24.80,400,19.08
2010-09-30,24.15,24.97,24.15,24.78,1500,19.07
2010-09-29,24.70,24.70,24.55,24.55,200,18.89
2010-09-28,24.15,24.15,24.05,24.05,400,18.50
2010-09-27,24.80,24.80,24.05,24.70,1500,19.00
2010-09-24,24.87,25.00,24.04,24.97,1300,19.21
2010-09-23,25.00,25.00,25.00,25.00,000,19.24
2010-09-22,24.45,25.00,24.44,25.00,900,19.24
2010-09-21,23.95,23.95,23.95,23.95,100,18.43
2010-09-20,24.15,24.51,23.93,23.93,4200,18.41
2010-09-17,25.20,25.20,25.20,25.20,000,19.27
2010-09-16,24.50,25.41,24.14,25.20,1300,19.27
2010-09-15,24.50,24.50,24.50,24.50,800,18.73
2010-09-14,24.19,24.19,24.13,24.13,1200,18.45
2010-09-13,24.50,24.70,24.50,24.70,1400,18.88
2010-09-10,24.50,24.70,24.08,24.10,3900,18.42
2010-09-09,24.02,24.75,24.00,24.50,2800,18.73
2010-09-08,24.50,24.50,24.38,24.50,1500,18.73
2010-09-07,23.95,24.50,23.95,24.50,1400,18.73
2010-09-03,23.95,23.95,23.95,23.95,100,18.31
2010-09-02,23.84,24.00,23.84,24.00,1500,18.35
2010-09-01,24.03,24.03,23.83,23.83,2300,18.22
2010-08-31,24.50,24.70,23.82,24.70,1400,18.88
2010-08-30,23.82,24.10,23.82,24.10,200,18.42
2010-08-27,23.82,23.82,23.82,23.82,000,18.21
2010-08-26,23.82,23.82,23.82,23.82,000,18.21
2010-08-25,23.86,24.75,23.82,23.82,1700,18.21
2010-08-24,24.87,24.87,24.87,24.87,200,19.01
2010-08-23,24.40,24.62,24.40,24.56,1200,18.78
2010-08-20,24.00,24.40,24.00,24.40,900,18.65
2010-08-19,23.56,24.40,23.56,24.40,2900,18.65
2010-08-18,24.11,24.50,23.90,23.90,4800,18.15
2010-08-17,24.55,24.55,24.55,24.55,000,18.64
2010-08-16,24.55,24.55,24.55,24.55,500,18.64
2010-08-13,23.81,24.21,23.77,24.21,700,18.38
2010-08-12,24.45,24.70,23.49,23.74,3700,18.03
2010-08-11,24.11,24.12,23.56,23.56,600,17.89
2010-08-10,24.42,24.50,24.30,24.50,9200,18.60
2010-08-09,24.00,24.44,23.13,24.43,5600,18.55
2010-08-06,23.90,23.90,23.51,23.51,3200,17.85
2010-08-05,23.90,23.90,23.88,23.90,1100,18.15
2010-08-04,23.75,23.79,23.75,23.79,2400,18.07
2010-08-03,23.50,23.70,23.30,23.31,2100,17.70
2010-08-02,23.88,23.88,23.75,23.75,500,18.03
2010-07-30,23.70,23.70,23.52,23.52,500,17.86
2010-07-29,23.65,23.70,23.07,23.60,6300,17.92
2010-07-28,23.32,23.32,23.32,23.32,000,17.71
2010-07-27,23.32,23.32,23.32,23.32,300,17.71
2010-07-26,23.01,23.01,23.01,23.01,200,17.47
2010-07-23,22.97,22.98,22.97,22.98,1200,17.45
2010-07-22,23.15,23.15,22.75,22.75,1600,17.28
2010-07-21,22.75,22.75,22.39,22.39,300,17.00
2010-07-20,22.53,23.20,22.38,23.20,3300,17.62
2010-07-19,23.25,23.48,23.20,23.44,6000,17.68
2010-07-16,23.50,23.50,22.33,22.33,1400,16.84
2010-07-15,23.17,23.19,23.17,23.19,800,17.49
2010-07-14,22.34,23.18,22.34,23.18,6000,17.48
2010-07-13,22.74,22.74,22.74,22.74,300,17.15
2010-07-12,22.68,22.68,22.28,22.28,300,16.80
2010-07-09,22.32,22.64,22.32,22.40,900,16.89
2010-07-08,22.72,22.74,22.28,22.74,2200,17.15
2010-07-07,22.50,22.50,22.50,22.50,200,16.97
2010-07-06,22.47,22.47,22.47,22.47,000,16.95
2010-07-02,22.47,22.47,22.35,22.47,2100,16.95
2010-07-01,22.46,22.47,22.46,22.47,400,16.95
2010-06-30,22.25,22.25,22.22,22.22,600,16.76
2010-06-29,22.22,22.50,22.22,22.50,300,16.97
2010-06-28,22.73,22.73,22.28,22.28,300,16.80
2010-06-25,22.10,22.10,22.10,22.10,000,16.67
2010-06-24,21.76,22.73,21.76,22.10,1600,16.67
2010-06-23,22.09,22.26,21.76,21.76,2000,16.41
2010-06-22,22.71,22.72,22.00,22.70,1400,17.12
2010-06-21,22.70,22.70,22.70,22.70,200,17.12
2010-06-18,22.72,22.74,22.72,22.74,400,17.15
2010-06-17,22.54,22.74,22.45,22.73,2700,17.02
2010-06-16,21.81,22.74,21.81,22.74,2300,17.03
2010-06-15,22.20,22.72,22.20,22.60,1400,16.92
2010-06-14,22.62,22.74,22.62,22.65,3400,16.96
2010-06-11,22.25,22.40,22.25,22.40,2000,16.77
2010-06-10,22.34,22.35,22.25,22.30,1500,16.70
2010-06-09,21.70,21.70,21.70,21.70,300,16.25
2010-06-08,21.80,21.80,21.80,21.80,400,16.32
2010-06-07,21.61,22.54,21.61,22.44,2500,16.80
2010-06-04,22.20,22.25,22.20,22.20,700,16.62
2010-06-03,22.20,22.20,22.20,22.20,800,16.62
2010-06-02,21.62,21.99,21.61,21.99,500,16.47
2010-06-01,22.08,22.44,21.60,21.61,2400,16.18
2010-05-28,22.74,22.74,22.74,22.74,200,17.03
2010-05-27,21.70,21.70,21.60,21.60,600,16.17
2010-05-26,22.00,22.00,22.00,22.00,900,16.47
2010-05-25,22.00,22.00,22.00,22.00,200,16.47
2010-05-24,22.08,22.08,22.00,22.00,700,16.47
2010-05-21,21.85,22.00,21.67,22.00,800,16.47
2010-05-20,21.90,22.20,21.85,21.87,1400,16.38
2010-05-19,22.09,22.74,21.88,21.88,700,16.38
2010-05-18,22.22,22.74,22.22,22.55,1600,16.89
2010-05-17,22.74,22.74,22.14,22.20,2500,16.50
2010-05-14,22.55,22.70,22.55,22.70,1100,16.87
2010-05-13,22.19,22.50,22.16,22.50,1000,16.73
2010-05-12,22.14,22.14,22.10,22.10,200,16.43
2010-05-11,22.07,22.50,22.07,22.50,2000,16.73
2010-05-10,22.74,22.74,22.02,22.06,900,16.40
2010-05-07,22.05,22.60,22.01,22.01,800,16.36
2010-05-06,22.08,22.08,22.00,22.00,1600,16.35
2010-05-05,22.11,22.30,22.11,22.17,500,16.48
2010-05-04,22.31,22.72,22.07,22.07,1200,16.41
2010-05-03,22.74,22.74,22.35,22.74,2300,16.90
2010-04-30,22.74,22.74,22.74,22.74,000,16.90
2010-04-29,22.74,22.74,21.91,22.74,1400,16.90
2010-04-28,22.73,22.74,22.66,22.74,1200,16.90
2010-04-27,22.74,22.74,22.74,22.74,500,16.90
2010-04-26,22.51,22.74,22.50,22.74,1500,16.90
2010-04-23,22.01,22.01,22.01,22.01,200,16.36
2010-04-22,22.50,22.50,22.50,22.50,1600,16.73
2010-04-21,22.25,22.70,22.25,22.70,500,16.87
2010-04-20,22.22,22.25,22.20,22.25,1100,16.54
2010-04-19,22.39,22.39,22.39,22.39,200,16.52
2010-04-16,22.39,22.39,22.39,22.39,000,16.52
2010-04-15,22.39,22.39,22.39,22.39,300,16.52
2010-04-14,22.28,22.34,22.07,22.34,3100,16.49
2010-04-13,22.29,22.29,21.90,21.91,4200,16.17
2010-04-12,22.00,22.35,22.00,22.08,1000,16.30
2010-04-09,22.20,22.20,22.20,22.20,400,16.38
2010-04-08,22.35,22.35,22.00,22.30,2400,16.46
2010-04-07,22.13,22.22,22.01,22.01,1500,16.24
2010-04-06,22.50,22.70,22.13,22.16,1900,16.35
2010-04-05,22.17,22.45,22.15,22.15,2000,16.35
2010-04-01,22.74,22.75,22.48,22.48,1800,16.59
2010-03-31,23.03,23.03,23.03,23.03,200,17.00
2010-03-30,22.26,22.99,22.17,22.40,1600,16.53
2010-03-29,22.35,23.39,22.14,23.02,1700,16.99
2010-03-26,22.80,22.80,22.26,22.35,5800,16.49
2010-03-25,22.73,22.75,22.68,22.75,9000,16.79
2010-03-24,22.53,22.72,22.36,22.36,2600,16.50
2010-03-23,23.00,23.00,22.50,22.54,2900,16.63
2010-03-22,20.51,23.00,20.50,23.00,10200,16.97
2010-03-19,23.12,23.12,23.12,23.12,100,17.06
2010-03-18,23.54,23.54,23.16,23.50,2200,17.22
2010-03-17,23.10,23.55,23.10,23.11,1400,16.94
2010-03-16,23.50,23.50,23.10,23.10,3200,16.93
2010-03-15,23.28,23.85,23.26,23.52,1700,17.24
2010-03-12,23.28,23.58,23.25,23.25,1400,17.04
2010-03-11,23.24,23.40,23.24,23.40,200,17.15
2010-03-10,23.18,23.18,23.18,23.18,200,16.99
2010-03-09,23.82,23.87,23.11,23.20,4400,17.00
2010-03-08,23.93,23.93,23.82,23.82,500,17.46
2010-03-05,24.07,24.07,23.29,23.62,1600,17.31
2010-03-04,23.90,23.90,23.90,23.90,300,17.52
2010-03-03,23.20,23.20,23.10,23.10,700,16.93
2010-03-02,23.60,23.93,23.50,23.50,1300,17.22
2010-03-01,24.22,24.22,23.21,23.21,1600,17.01
2010-02-26,23.10,23.10,23.10,23.10,400,16.93
2010-02-25,24.35,24.35,23.01,23.10,5000,16.93
2010-02-24,23.50,23.50,23.10,23.12,1700,16.95
2010-02-23,23.00,23.47,22.82,23.25,4200,17.04
2010-02-22,23.46,24.50,23.35,23.41,12000,17.16
2010-02-19,24.01,24.01,23.95,23.95,3400,17.55
2010-02-18,24.50,24.50,24.00,24.25,5200,17.77
2010-02-17,24.54,24.97,24.30,24.30,3600,17.81
2010-02-16,24.60,24.83,24.35,24.54,20900,17.99
2010-02-12,24.50,24.60,23.80,24.35,4400,17.73
2010-02-11,24.00,24.50,23.99,23.99,2400,17.47
2010-02-10,24.36,24.97,24.00,24.00,2800,17.47
2010-02-09,22.70,24.12,22.70,24.10,7900,17.55
2010-02-08,23.33,23.80,23.18,23.80,4900,17.33
2010-02-05,22.10,23.43,22.10,22.55,1700,16.42
2010-02-04,22.76,22.76,22.00,22.00,7900,16.02
2010-02-03,22.41,22.76,22.40,22.42,2300,16.32
2010-02-02,22.90,22.99,22.11,22.11,6300,16.10
2010-02-01,22.78,22.90,22.25,22.78,4100,16.59
2010-01-29,22.10,23.90,22.03,22.21,2900,16.17
2010-01-28,22.65,23.27,22.20,22.20,4900,16.16
2010-01-27,23.97,24.00,22.50,22.55,5100,16.42
2010-01-26,23.93,25.07,23.57,23.57,7600,17.16
2010-01-25,23.40,23.40,22.99,22.99,200,16.74
2010-01-22,21.27,21.27,21.27,21.27,000,15.49
2010-01-21,21.27,21.27,21.27,21.27,000,15.49
2010-01-20,21.31,21.31,21.27,21.27,400,15.49
2010-01-19,21.35,21.35,21.35,21.35,500,15.55
2010-01-15,20.75,21.96,20.69,21.35,2900,15.43
2010-01-14,20.44,20.90,20.44,20.80,700,15.03
2010-01-13,20.00,20.41,20.00,20.41,700,14.75
2010-01-12,19.40,19.40,19.40,19.40,000,14.02
2010-01-11,19.36,19.74,19.00,19.40,4300,14.02
2010-01-08,18.74,18.95,18.72,18.95,2500,13.69
2010-01-07,19.16,19.40,19.15,19.15,2000,13.84
2010-01-06,19.00,19.00,19.00,19.00,000,13.73
2010-01-05,18.61,19.39,18.61,19.00,2100,13.73
2010-01-04,19.30,19.30,19.30,19.30,000,13.95
2009-12-31,19.30,19.30,19.30,19.30,000,13.95
2009-12-30,19.30,19.30,19.30,19.30,000,13.95
2009-12-29,19.30,19.30,19.30,19.30,000,13.95
2009-12-28,18.92,20.00,18.92,19.30,1600,13.95
2009-12-24,18.99,18.99,18.99,18.99,000,13.72
2009-12-23,18.69,18.99,18.69,18.99,500,13.72
2009-12-22,18.74,18.74,18.48,18.74,2000,13.54
2009-12-21,19.20,19.20,18.55,18.55,1100,13.40
2009-12-18,18.61,18.80,18.53,18.53,1900,13.39
2009-12-17,19.41,19.93,18.66,19.00,2100,13.61
2009-12-16,18.99,19.02,18.98,18.98,1300,13.60
2009-12-15,19.00,19.00,18.86,19.00,1600,13.61
2009-12-14,19.00,19.00,19.00,19.00,200,13.61
2009-12-11,19.21,19.21,19.21,19.21,200,13.76
2009-12-10,19.21,19.21,19.21,19.21,000,13.76
2009-12-09,19.15,19.21,18.87,19.21,1800,13.76
2009-12-08,19.18,19.18,19.18,19.18,100,13.74
2009-12-07,18.61,18.61,18.61,18.61,000,13.33
2009-12-04,18.66,18.75,18.61,18.61,1500,13.33
2009-12-03,18.66,18.85,18.62,18.85,500,13.51
2009-12-02,19.49,19.49,18.41,18.60,3300,13.33
2009-12-01,18.75,18.75,18.46,18.53,3100,13.28
2009-11-30,19.00,19.00,18.58,18.58,900,13.31
2009-11-27,18.79,18.79,18.27,18.60,3700,13.33
2009-11-25,19.00,19.00,18.82,18.82,1600,13.48
2009-11-24,18.97,19.10,18.69,18.69,4000,13.39
2009-11-23,19.19,19.19,19.19,19.19,200,13.75
2009-11-20,18.78,18.78,18.78,18.78,000,13.46
2009-11-19,19.00,19.00,18.78,18.78,1000,13.46
2009-11-18,19.37,19.37,18.75,18.86,900,13.51
2009-11-17,19.75,19.75,19.11,19.37,2200,13.88
2009-11-16,19.88,19.88,19.88,19.88,000,14.13
2009-11-13,19.88,19.88,19.88,19.88,400,14.13
2009-11-12,18.69,18.69,18.69,18.69,400,13.28
2009-11-11,19.80,19.80,19.80,19.80,300,14.07
2009-11-10,19.93,19.93,19.93,19.93,000,14.16
2009-11-09,18.73,19.93,18.70,19.93,2100,14.16
2009-11-06,18.57,18.97,18.20,18.47,1700,13.13
2009-11-05,19.20,19.20,18.26,18.26,600,12.98
2009-11-04,18.08,18.65,18.03,18.33,1700,13.03
2009-11-03,20.00,20.00,20.00,20.00,600,14.21
2009-11-02,20.00,20.00,20.00,20.00,000,14.21
2009-10-30,18.99,20.00,17.58,20.00,3900,14.21
2009-10-29,18.29,18.29,18.29,18.29,000,13.00
2009-10-28,19.56,19.60,18.29,18.29,1400,13.00
2009-10-27,19.39,19.51,19.36,19.51,800,13.87
2009-10-26,19.91,19.99,19.07,19.36,2800,13.76
2009-10-23,19.02,19.02,19.02,19.02,000,13.52
2009-10-22,19.00,19.02,19.00,19.02,200,13.52
2009-10-21,18.25,18.25,18.25,18.25,000,12.97
2009-10-20,19.01,19.01,18.11,18.25,2500,12.97
2009-10-19,19.78,19.78,19.40,19.60,900,13.82
2009-10-16,19.47,19.75,19.46,19.75,2600,13.92
2009-10-15,18.96,19.60,18.90,19.30,3300,13.60
2009-10-14,18.70,18.99,18.70,18.99,700,13.39
2009-10-13,18.38,18.74,18.38,18.74,600,13.21
2009-10-12,18.03,18.15,17.72,18.15,2700,12.79
2009-10-09,18.50,18.50,18.50,18.50,100,13.04
2009-10-08,18.94,18.95,18.70,18.73,1200,13.20
2009-10-07,18.50,18.61,18.50,18.55,1200,13.08
2009-10-06,18.89,18.89,18.14,18.50,6100,13.04
2009-10-05,18.49,18.49,18.00,18.00,300,12.69
2009-10-02,17.95,18.03,17.90,17.90,1000,12.62
2009-10-01,18.00,18.00,18.00,18.00,400,12.69
2009-09-30,18.25,18.25,17.75,18.00,3600,12.69
2009-09-29,17.96,17.98,17.90,17.90,1100,12.62
2009-09-28,18.08,18.08,18.08,18.08,000,12.74
2009-09-25,18.01,18.62,18.01,18.08,500,12.74
2009-09-24,18.35,18.35,18.35,18.35,500,12.93
2009-09-23,17.93,17.93,17.90,17.90,600,12.62
2009-09-22,18.00,18.00,17.98,17.98,1800,12.67
2009-09-21,18.00,18.00,17.99,18.00,3500,12.69
2009-09-18,18.00,18.44,18.00,18.00,2000,12.69
2009-09-17,18.03,18.50,18.00,18.00,1400,12.57
2009-09-16,18.00,18.00,18.00,18.00,200,12.57
2009-09-15,17.55,18.10,17.46,18.00,3900,12.57
2009-09-14,17.45,18.64,17.41,18.02,1900,12.59
2009-09-11,18.92,18.92,18.92,18.92,200,13.22
2009-09-10,17.34,17.34,17.34,17.34,000,12.11
2009-09-09,18.20,18.20,17.34,17.34,1600,12.11
2009-09-08,18.95,18.95,18.95,18.95,000,13.24
2009-09-04,18.92,18.95,18.92,18.95,500,13.24
2009-09-03,18.46,18.75,18.45,18.75,1500,13.10
2009-09-02,18.47,18.47,18.47,18.47,200,12.90
2009-09-01,18.47,18.47,18.47,18.47,200,12.90
2009-08-31,17.76,18.00,17.41,18.00,3700,12.57
2009-08-28,18.00,18.00,18.00,18.00,500,12.57
2009-08-27,17.20,17.85,17.18,17.53,900,12.25
2009-08-26,18.32,18.32,17.28,17.32,1700,12.10
2009-08-25,18.40,18.40,17.40,17.40,3800,12.15
2009-08-24,18.37,18.37,17.24,17.41,1400,12.16
2009-08-21,18.99,18.99,17.10,18.50,3400,12.92
2009-08-20,18.69,18.80,18.00,18.75,1900,13.10
2009-08-19,17.10,18.25,17.00,17.95,2200,12.54
2009-08-18,18.90,18.90,18.75,18.75,800,12.99
2009-08-17,18.00,19.72,18.00,19.49,1200,13.50
2009-08-14,16.24,17.50,16.24,17.50,800,12.12
2009-08-13,17.25,18.00,16.60,18.00,1300,12.47
2009-08-12,17.14,17.14,17.14,17.14,400,11.87
2009-08-11,17.70,17.73,17.70,17.73,600,12.28
2009-08-10,17.16,18.50,17.16,18.50,1600,12.81
2009-08-07,17.11,17.50,17.11,17.50,400,12.12
2009-08-06,16.89,17.25,16.89,17.25,2300,11.95
2009-08-05,16.65,16.65,16.65,16.65,000,11.53
2009-08-04,16.69,16.90,16.65,16.65,2200,11.53
2009-08-03,16.58,16.60,16.48,16.60,1000,11.50
2009-07-31,17.49,17.49,17.49,17.49,100,12.11
2009-07-30,15.29,15.29,15.29,15.29,000,10.59
2009-07-29,15.80,15.80,15.29,15.29,1600,10.59
2009-07-28,16.00,16.00,16.00,16.00,200,11.08
2009-07-27,16.45,16.50,15.20,15.20,2000,10.53
2009-07-24,16.50,16.64,16.50,16.64,600,11.52
2009-07-23,16.68,16.68,16.55,16.55,500,11.46
2009-07-22,16.55,16.55,16.55,16.55,200,11.46
2009-07-21,16.55,16.55,16.55,16.55,1200,11.46
2009-07-20,15.41,17.43,15.41,16.31,5300,11.18
2009-07-17,15.26,15.26,15.26,15.26,000,10.46
2009-07-16,15.26,15.28,15.26,15.26,500,10.46
2009-07-15,15.08,15.60,15.08,15.16,700,10.40
2009-07-14,15.25,15.77,15.03,15.40,2200,10.56
2009-07-13,15.11,16.24,15.08,16.24,2000,11.14
2009-07-10,15.12,15.12,15.11,15.11,200,10.36
2009-07-09,15.31,15.31,15.11,15.11,600,10.36
2009-07-08,16.50,16.50,15.57,15.57,1500,10.68
2009-07-07,15.89,16.50,15.88,16.50,800,11.31
2009-07-06,15.55,15.71,15.11,15.71,700,10.77
2009-07-02,15.27,15.27,15.27,15.27,000,10.47
2009-07-01,16.47,17.00,15.11,15.27,6100,10.47
2009-06-30,15.45,15.51,15.10,15.50,2200,10.63
2009-06-29,15.11,15.11,15.11,15.11,000,10.36
2009-06-26,15.11,15.11,15.11,15.11,1600,10.36
2009-06-25,16.20,17.40,16.09,17.40,1800,11.93
2009-06-24,15.95,15.95,15.95,15.95,400,10.94
2009-06-23,17.46,17.46,15.91,15.91,800,10.91
2009-06-22,15.66,15.86,15.66,15.86,2200,10.88
2009-06-19,16.99,16.99,16.99,16.99,000,11.65
2009-06-18,17.00,18.75,16.99,16.99,500,11.65
2009-06-17,16.25,16.25,16.25,16.25,800,11.03
2009-06-16,18.20,18.20,18.20,18.20,000,12.36
2009-06-15,18.20,18.20,18.20,18.20,000,12.36
2009-06-12,18.20,18.20,18.20,18.20,100,12.36
2009-06-11,17.26,17.26,16.98,17.00,1100,11.54
2009-06-10,17.25,17.25,17.25,17.25,1300,11.71
2009-06-09,17.10,17.99,16.75,17.25,4600,11.71
2009-06-08,16.25,16.75,16.25,16.75,600,11.37
2009-06-05,15.50,17.75,15.50,17.50,3300,11.88
2009-06-04,16.00,16.30,15.99,16.30,1300,11.07
2009-06-03,14.20,15.80,14.20,15.80,1400,10.73
2009-06-02,15.00,15.00,15.00,15.00,500,10.18
2009-06-01,16.25,16.25,16.25,16.25,000,11.03
2009-05-29,16.25,16.25,16.25,16.25,100,11.03
2009-05-28,16.40,16.40,16.40,16.40,000,11.13
2009-05-27,14.75,16.40,14.75,16.40,1200,11.13
2009-05-26,14.00,15.45,13.85,13.85,1600,9.40
2009-05-22,13.90,13.90,13.90,13.90,100,9.44
2009-05-21,13.00,13.00,13.00,13.00,100,8.83
2009-05-20,12.50,12.50,12.50,12.50,000,8.49
2009-05-19,12.50,12.50,12.50,12.50,000,8.49
2009-05-18,12.50,12.50,12.50,12.50,000,8.49
2009-05-15,12.30,12.61,12.30,12.50,2000,8.38
2009-05-14,12.07,12.95,12.07,12.95,1600,8.68
2009-05-13,13.00,13.00,13.00,13.00,600,8.71
2009-05-12,12.06,13.00,12.05,12.99,1600,8.71
2009-05-11,12.50,12.50,12.00,12.00,500,8.04
2009-05-08,12.16,12.16,12.16,12.16,000,8.15
2009-05-07,12.16,12.16,12.16,12.16,400,8.15
2009-05-06,12.60,12.80,11.72,12.80,800,8.58
2009-05-05,11.65,11.65,11.65,11.65,200,7.81
2009-05-04,13.50,13.50,13.00,13.00,700,8.71
2009-05-01,13.00,13.00,13.00,13.00,000,8.71
2009-04-30,13.00,13.00,13.00,13.00,600,8.71
2009-04-29,12.50,12.50,12.01,12.01,400,8.05
2009-04-28,13.00,14.40,12.01,12.01,2200,8.05
2009-04-27,12.33,12.99,12.33,12.99,1000,8.71
2009-04-24,10.65,10.65,10.65,10.65,000,7.14
2009-04-23,10.65,10.65,10.65,10.65,000,7.14
2009-04-22,10.65,10.65,10.65,10.65,000,7.14
2009-04-21,10.85,10.85,10.65,10.65,1200,7.14
2009-04-20,11.30,11.30,11.29,11.29,500,7.57
2009-04-17,12.49,12.49,12.49,12.49,500,8.26
2009-04-16,10.65,12.39,10.65,12.39,2400,8.20
2009-04-15,11.07,11.07,10.65,11.00,800,7.28
2009-04-14,11.00,11.00,11.00,11.00,100,7.28
2009-04-13,10.99,10.99,10.99,10.99,300,7.27
2009-04-09,10.25,10.95,10.25,10.95,1000,7.24
2009-04-08,10.06,10.06,10.06,10.06,1000,6.66
2009-04-07,10.10,10.10,10.10,10.10,200,6.68
2009-04-06,10.40,10.40,9.85,9.86,600,6.52
2009-04-03,10.35,10.35,10.35,10.35,000,6.85
2009-04-02,10.35,10.35,10.35,10.35,000,6.85
2009-04-01,10.36,10.36,10.35,10.35,1000,6.85
2009-03-31,11.40,12.00,10.03,10.03,1700,6.64
2009-03-30,11.45,11.45,11.45,11.45,000,7.57
2009-03-27,11.45,11.45,11.45,11.45,000,7.57
2009-03-26,11.50,11.50,11.45,11.45,1900,7.57
2009-03-25,11.50,11.50,10.05,11.45,8700,7.57
2009-03-24,11.40,11.40,9.65,9.65,1900,6.38
2009-03-23,9.76,10.35,9.75,9.75,2900,6.45
2009-03-20,10.00,10.25,10.00,10.08,1000,6.67
2009-03-19,8.89,8.89,8.89,8.89,300,5.88
2009-03-18,9.86,9.86,9.86,9.86,1000,6.42
2009-03-17,9.85,9.85,9.85,9.85,000,6.41
2009-03-16,9.30,10.00,9.30,9.85,1900,6.41
2009-03-13,9.25,9.25,9.25,9.25,300,6.02
2009-03-12,9.66,9.66,8.55,8.95,1100,5.82
2009-03-11,8.70,8.70,8.70,8.70,200,5.66
2009-03-10,10.00,10.00,8.25,8.25,3300,5.37
2009-03-09,8.25,8.25,8.25,8.25,500,5.37
2009-03-06,7.92,8.50,7.02,8.50,5500,5.53
2009-03-05,9.00,10.00,7.75,7.75,5600,5.04
2009-03-04,8.29,9.50,8.21,8.50,3600,5.53
2009-03-03,8.69,10.79,8.69,9.50,1300,6.18
2009-03-02,11.41,11.41,8.68,9.60,5800,6.25
2009-02-27,9.44,12.81,9.06,12.81,5800,8.34
2009-02-26,11.50,11.50,9.50,10.65,2000,6.93
2009-02-25,8.75,10.42,7.75,10.42,7000,6.78
2009-02-24,8.84,9.59,7.66,7.85,1100,5.11
2009-02-23,9.55,9.55,8.89,8.89,2000,5.79
2009-02-20,9.50,11.39,9.50,10.10,2100,6.57
2009-02-19,10.00,10.25,9.05,10.25,800,6.67
2009-02-18,12.96,12.96,9.72,9.72,600,6.33
2009-02-17,10.75,10.75,10.75,10.75,400,7.00
2009-02-13,11.50,11.50,11.50,11.50,000,7.38
2009-02-12,11.50,11.50,11.50,11.50,100,7.38
2009-02-11,11.38,11.38,11.38,11.38,000,7.30
2009-02-10,11.38,11.38,11.38,11.38,000,7.30
2009-02-09,11.01,13.80,11.01,11.38,700,7.30
2009-02-06,13.50,13.53,13.50,13.50,600,8.66
2009-02-05,10.78,13.49,10.75,13.23,1400,8.49
2009-02-04,11.25,11.25,10.75,10.75,2000,6.90
2009-02-03,10.25,10.31,10.25,10.25,800,6.58
2009-02-02,12.59,13.25,10.20,10.20,1400,6.54
2009-01-30,12.58,12.58,12.58,12.58,000,8.07
2009-01-29,12.58,12.58,12.58,12.58,300,8.07
2009-01-28,12.58,12.58,12.58,12.58,000,8.07
2009-01-27,12.58,12.58,12.58,12.58,000,8.07
2009-01-26,12.58,12.58,12.58,12.58,500,8.07
2009-01-23,12.75,12.75,12.75,12.75,000,8.18
2009-01-22,12.75,12.75,12.75,12.75,400,8.18
2009-01-21,12.75,12.75,12.75,12.75,200,8.18
2009-01-20,12.75,12.75,12.75,12.75,000,8.18
2009-01-16,12.75,12.75,12.75,12.75,000,8.08
2009-01-15,13.37,13.37,12.75,12.75,900,8.08
2009-01-14,13.25,13.25,13.25,13.25,100,8.39
2009-01-13,13.50,13.50,13.25,13.25,600,8.39
2009-01-12,14.00,14.00,14.00,14.00,000,8.87
2009-01-09,14.00,14.00,14.00,14.00,000,8.87
2009-01-08,13.64,14.00,13.64,14.00,1200,8.87
2009-01-07,13.37,13.37,13.37,13.37,000,8.47
2009-01-06,13.38,13.38,13.37,13.37,500,8.47
2009-01-05,12.75,12.75,12.75,12.75,000,8.08
2009-01-02,12.75,12.75,12.75,12.75,000,8.08
2008-12-31,12.59,13.48,12.58,12.75,3300,8.08
2008-12-30,13.35,13.35,13.35,13.35,200,8.46
2008-12-29,13.29,13.31,13.24,13.24,1400,8.39
2008-12-26,12.81,12.81,12.80,12.80,500,8.11
2008-12-24,12.59,12.81,12.59,12.81,500,8.12
2008-12-23,13.99,14.00,12.59,12.59,2100,7.98
2008-12-22,12.83,13.50,12.83,13.50,500,8.55
2008-12-19,12.83,12.83,12.83,12.83,100,8.13
2008-12-18,13.00,13.00,13.00,13.00,000,8.24
2008-12-17,13.00,13.00,13.00,13.00,400,8.13
2008-12-16,12.75,12.75,12.75,12.75,000,7.98
2008-12-15,13.00,13.00,12.75,12.75,200,7.98
2008-12-12,12.78,12.78,12.75,12.75,800,7.98
2008-12-11,14.92,14.92,14.92,14.92,100,9.34
2008-12-10,10.61,11.80,10.61,10.81,900,6.76
2008-12-09,10.47,11.00,9.48,11.00,1400,6.88
2008-12-08,11.00,11.10,9.65,11.10,1400,6.95
2008-12-05,10.01,12.36,9.86,10.01,1000,6.26
2008-12-04,10.20,10.20,10.00,10.00,400,6.26
2008-12-03,10.00,10.04,10.00,10.04,500,6.28
2008-12-02,9.25,11.50,8.45,11.00,8000,6.88
2008-12-01,10.73,10.73,8.88,10.01,1800,6.26
2008-11-28,9.50,9.50,9.50,9.50,000,5.94
2008-11-26,9.50,9.50,9.50,9.50,000,5.94
2008-11-25,9.12,10.50,7.66,9.50,2600,5.94
2008-11-24,9.60,9.60,9.60,9.60,000,6.01
2008-11-21,9.33,9.69,9.20,9.60,3600,6.01
2008-11-20,14.86,14.89,11.60,11.60,1600,7.26
2008-11-19,15.60,15.60,15.60,15.60,000,9.76
2008-11-18,15.47,15.60,15.41,15.60,1600,9.76
2008-11-17,14.40,15.00,14.40,15.00,1200,9.39
2008-11-14,14.51,14.51,14.51,14.51,000,8.98
2008-11-13,14.51,14.51,14.51,14.51,000,8.98
2008-11-12,16.00,16.00,14.51,14.51,1200,8.98
2008-11-11,16.01,16.01,16.01,16.01,400,9.91
2008-11-10,17.00,17.00,17.00,17.00,100,10.52
2008-11-07,17.00,17.00,17.00,17.00,000,10.52
2008-11-06,17.00,17.00,17.00,17.00,100,10.52
2008-11-05,16.75,16.75,16.75,16.75,000,10.36
2008-11-04,16.75,16.75,16.75,16.75,1000,10.36
2008-11-03,16.50,16.50,15.50,15.50,300,9.59
2008-10-31,16.17,16.17,16.17,16.17,200,10.01
2008-10-30,14.01,14.01,14.01,14.01,000,8.67
2008-10-29,14.01,14.01,14.01,14.01,000,8.67
2008-10-28,15.40,15.40,14.01,14.01,300,8.67
2008-10-27,12.00,12.00,12.00,12.00,000,7.42
2008-10-24,12.00,12.00,12.00,12.00,700,7.42
2008-10-23,16.02,16.02,16.02,16.02,000,9.91
2008-10-22,16.01,16.25,16.01,16.02,1400,9.91
2008-10-21,16.00,16.00,16.00,16.00,200,9.90
2008-10-20,17.83,18.00,15.75,18.00,4300,11.04
2008-10-17,14.00,16.00,14.00,16.00,2300,9.81
2008-10-16,13.00,13.25,13.00,13.25,200,8.13
2008-10-15,13.95,13.95,13.25,13.40,400,8.22
2008-10-14,15.24,15.24,15.24,15.24,000,9.35
2008-10-13,10.99,15.73,10.75,15.24,11600,9.35
2008-10-10,9.00,11.00,8.57,11.00,8200,6.75
2008-10-09,11.00,11.00,9.01,9.75,6100,5.98
2008-10-08,11.09,11.10,10.09,10.84,6300,6.65
2008-10-07,13.26,13.43,11.67,12.37,3000,7.59
2008-10-06,15.57,15.57,13.26,13.46,3000,8.25
2008-10-03,16.21,16.21,16.21,16.21,000,9.94
2008-10-02,16.21,16.21,16.21,16.21,500,9.94
2008-10-01,16.83,16.83,16.83,16.83,500,10.32
2008-09-30,16.89,16.90,16.87,16.87,900,10.34
2008-09-29,17.30,17.35,17.08,17.25,1100,10.58
2008-09-26,18.01,19.04,17.96,18.13,7300,11.12
2008-09-25,18.55,19.27,18.55,18.57,1800,11.39
2008-09-24,18.62,18.62,18.59,18.59,800,11.40
2008-09-23,19.65,20.16,19.20,20.16,1800,12.36
2008-09-22,21.00,21.00,21.00,21.00,500,12.88
2008-09-19,21.00,21.00,21.00,21.00,300,12.88
2008-09-18,18.50,22.90,18.50,22.90,3800,14.04
2008-09-17,19.55,19.55,18.13,18.55,2400,11.28
2008-09-16,21.00,22.88,18.35,21.00,10200,12.77
2008-09-15,21.10,21.50,19.85,21.15,3500,12.86
2008-09-12,19.00,23.00,18.56,22.60,34700,13.74
2008-09-11,19.50,19.50,18.56,18.56,2100,11.28
2008-09-10,20.10,20.10,20.10,20.10,000,12.22
2008-09-09,19.47,20.10,19.44,20.10,1200,12.22
2008-09-08,19.74,19.74,19.74,19.74,000,12.00
2008-09-05,19.71,19.74,19.71,19.74,600,12.00
2008-09-04,19.01,19.01,19.01,19.01,000,11.56
2008-09-03,19.61,19.61,19.01,19.01,300,11.56
2008-09-02,19.61,19.63,19.60,19.63,1100,11.93
2008-08-29,19.69,19.69,19.69,19.69,000,11.97
2008-08-28,19.69,19.69,19.69,19.69,100,11.97
2008-08-27,19.50,19.86,19.50,19.50,2700,11.85
2008-08-26,19.40,19.50,18.51,19.50,1600,11.85
2008-08-25,20.06,20.29,19.14,20.28,3400,12.33
2008-08-22,20.00,20.00,20.00,20.00,000,12.16
2008-08-21,20.00,20.00,20.00,20.00,200,12.16
2008-08-20,20.72,20.72,19.76,19.76,400,12.01
2008-08-19,19.75,19.75,19.75,19.75,3000,12.01
2008-08-18,18.84,18.84,18.84,18.84,000,11.35
2008-08-15,18.84,18.84,18.84,18.84,100,11.35
2008-08-14,18.80,18.80,18.80,18.80,000,11.33
2008-08-13,18.80,18.80,18.80,18.80,000,11.33
2008-08-12,18.80,18.80,18.80,18.80,000,11.33
2008-08-11,18.80,18.80,18.80,18.80,000,11.33
2008-08-08,18.80,18.80,18.80,18.80,000,11.33
2008-08-07,18.81,18.81,18.80,18.80,600,11.33
2008-08-06,17.89,21.94,17.78,18.51,4100,11.16
2008-08-05,17.56,17.66,17.56,17.65,3800,10.64
2008-08-04,17.03,17.03,17.02,17.02,700,10.26
2008-08-01,18.06,18.06,18.00,18.00,1900,10.85
2008-07-31,18.40,18.40,17.04,17.04,1000,10.27
2008-07-30,17.01,18.00,17.01,18.00,400,10.85
2008-07-29,18.69,18.69,18.69,18.69,000,11.26
2008-07-28,18.69,18.69,18.69,18.69,000,11.26
2008-07-25,18.69,18.69,18.69,18.69,000,11.26
2008-07-24,18.69,18.69,18.69,18.69,100,11.26
2008-07-23,19.73,19.73,19.73,19.73,900,11.89
2008-07-22,17.50,17.85,17.01,17.76,4300,10.70
2008-07-21,19.15,20.00,16.76,16.76,1000,10.10
2008-07-18,17.44,17.50,17.44,17.50,1300,10.45
2008-07-17,15.49,16.50,15.49,16.50,3200,9.85
2008-07-16,13.31,15.49,13.26,15.49,6800,9.25
2008-07-15,16.51,16.99,13.05,13.05,6400,7.79
2008-07-14,18.00,18.00,16.50,16.50,1500,9.85
2008-07-11,18.00,18.00,18.00,18.00,100,10.75
2008-07-10,19.00,19.10,17.59,19.10,900,11.41
2008-07-09,20.06,20.06,19.10,19.10,1300,11.41
2008-07-08,21.01,21.01,21.01,21.01,000,12.55
2008-07-07,21.01,21.01,21.01,21.01,000,12.55
2008-07-03,21.00,21.01,21.00,21.01,400,12.55
2008-07-02,20.64,20.66,20.64,20.65,1200,12.33
2008-07-01,20.99,20.99,20.99,20.99,000,12.53
2008-06-30,20.99,20.99,20.99,20.99,000,12.53
2008-06-27,21.00,21.00,20.99,20.99,200,12.53
2008-06-26,20.02,20.02,20.02,20.02,000,11.95
2008-06-25,20.02,20.02,20.02,20.02,000,11.95
2008-06-24,20.02,20.02,20.02,20.02,000,11.95
2008-06-23,20.01,20.02,20.01,20.02,700,11.95
2008-06-20,19.71,19.71,19.71,19.71,000,11.77
2008-06-19,20.84,21.00,19.71,19.71,2100,11.77
2008-06-18,21.04,21.04,21.04,21.04,000,12.56
2008-06-17,21.04,21.04,21.04,21.04,100,12.47
2008-06-16,20.83,20.83,20.83,20.83,000,12.34
2008-06-13,20.83,20.83,20.83,20.83,800,12.34
2008-06-12,22.29,22.29,22.29,22.29,100,13.21
2008-06-11,22.36,22.36,22.36,22.36,000,13.25
2008-06-10,22.36,22.36,22.36,22.36,000,13.25
2008-06-09,22.42,22.42,22.36,22.36,700,13.25
2008-06-06,22.00,22.00,21.75,21.80,4400,12.92
2008-06-05,22.20,22.20,22.20,22.20,000,13.16
2008-06-04,21.99,22.20,21.99,22.20,400,13.16
2008-06-03,21.63,21.63,21.63,21.63,000,12.82
2008-06-02,21.63,21.63,21.63,21.63,000,12.82
2008-05-30,21.63,21.63,21.63,21.63,000,12.82
2008-05-29,21.63,21.63,21.63,21.63,000,12.82
2008-05-28,22.46,22.46,21.62,21.63,1500,12.82
2008-05-27,21.62,21.62,21.62,21.62,400,12.81
2008-05-23,21.64,21.66,21.62,21.65,700,12.83
2008-05-22,21.85,21.85,21.85,21.85,2000,12.95
2008-05-21,22.00,22.00,22.00,22.00,100,13.04
2008-05-20,21.95,21.95,21.95,21.95,100,13.01
2008-05-19,22.00,22.00,22.00,22.00,800,13.04
2008-05-16,21.50,22.02,21.50,22.02,1400,12.95
2008-05-15,21.55,21.81,21.53,21.81,700,12.83
2008-05-14,21.88,21.88,21.88,21.88,100,12.87
2008-05-13,21.91,21.91,21.91,21.91,100,12.89
2008-05-12,21.95,21.95,21.95,21.95,300,12.91
2008-05-09,21.42,21.93,21.42,21.93,500,12.90
2008-05-08,21.21,21.96,21.11,21.96,1200,12.92
2008-05-07,23.10,23.10,23.10,23.10,100,13.59
2008-05-06,22.01,23.16,21.07,23.16,5800,13.62
2008-05-05,22.00,22.75,20.85,22.75,4800,13.38
2008-05-02,22.00,22.00,22.00,22.00,100,12.94
2008-05-01,21.20,22.00,21.20,22.00,2600,12.94
2008-04-30,21.27,21.27,20.76,21.27,2100,12.51
2008-04-29,21.76,21.76,20.63,21.53,3900,12.66
2008-04-28,24.50,29.10,21.80,22.65,23900,13.32
2008-04-25,21.09,21.91,21.09,21.91,900,12.89
2008-04-24,20.78,20.79,20.78,20.79,500,12.23
2008-04-23,20.25,20.25,20.25,20.25,000,11.91
2008-04-22,20.39,20.39,20.25,20.25,1600,11.91
2008-04-21,20.05,20.26,20.05,20.05,1600,11.79
2008-04-18,20.02,20.02,20.00,20.00,1100,11.76
2008-04-17,20.01,20.50,20.01,20.02,3500,11.68
2008-04-16,20.50,20.50,20.36,20.36,1400,11.88
2008-04-15,20.49,20.50,20.49,20.50,1100,11.96
2008-04-14,20.93,20.93,20.93,20.93,000,12.21
2008-04-11,20.00,21.00,20.00,20.93,4000,12.21
2008-04-10,20.31,20.31,20.31,20.31,600,11.85
2008-04-09,20.02,20.80,20.01,20.80,900,12.14
2008-04-08,20.98,20.98,20.98,20.98,000,12.24
2008-04-07,20.98,20.98,20.98,20.98,100,12.24
2008-04-04,20.10,20.10,20.10,20.10,000,11.73
2008-04-03,20.22,20.22,20.10,20.10,800,11.73
2008-04-02,21.35,21.35,21.35,21.35,000,12.46
2008-04-01,21.35,21.35,21.35,21.35,200,12.46
2008-03-31,20.48,20.48,20.48,20.48,000,11.95
2008-03-28,20.48,20.48,20.48,20.48,000,11.95
2008-03-27,20.48,20.48,20.48,20.48,100,11.95
2008-03-26,20.30,20.30,20.30,20.30,1000,11.85
2008-03-25,19.99,19.99,19.99,19.99,100,11.66
2008-03-24,20.67,20.67,19.76,19.76,3700,11.53
2008-03-20,20.67,20.69,20.67,20.69,600,12.07
2008-03-19,20.97,20.97,20.97,20.97,000,12.24
2008-03-18,20.97,20.97,20.97,20.97,200,12.24
2008-03-17,21.90,21.90,20.83,20.83,1600,12.06
2008-03-14,21.90,22.42,21.90,22.42,400,12.98
2008-03-13,21.70,21.70,21.70,21.70,000,12.56
2008-03-12,21.70,21.70,21.70,21.70,000,12.56
2008-03-11,21.70,21.70,21.70,21.70,1000,12.56
2008-03-10,21.27,21.40,21.27,21.40,1000,12.39
2008-03-07,21.75,21.80,21.35,21.65,1900,12.54
2008-03-06,22.00,22.86,22.00,22.86,1500,13.24
2008-03-05,21.68,21.68,21.68,21.68,000,12.55
2008-03-04,21.68,21.68,21.68,21.68,000,12.55
2008-03-03,21.68,21.68,21.68,21.68,000,12.55
2008-02-29,22.45,22.45,21.56,21.68,1200,12.55
2008-02-28,23.10,23.24,21.63,22.45,6600,13.00
2008-02-27,22.93,23.25,22.93,23.25,1000,13.46
2008-02-26,22.26,22.95,20.83,22.94,1800,13.28
2008-02-25,22.25,22.25,22.25,22.25,000,12.88
2008-02-22,23.01,23.01,22.25,22.25,1000,12.88
2008-02-21,23.97,23.97,23.97,23.97,1700,13.88
2008-02-20,22.60,23.47,22.60,23.47,1200,13.59
2008-02-19,22.97,22.97,22.97,22.97,300,13.30
2008-02-15,22.65,22.65,22.62,22.62,700,13.00
2008-02-14,22.25,22.65,22.25,22.65,1300,13.02
2008-02-13,22.20,22.20,22.20,22.20,000,12.76
2008-02-12,22.20,22.20,22.20,22.20,000,12.76
2008-02-11,22.94,22.95,22.12,22.20,1700,12.76
2008-02-08,22.12,22.12,22.12,22.12,300,12.72
2008-02-07,22.47,22.47,22.01,22.01,1700,12.65
2008-02-06,22.47,22.47,22.47,22.47,1000,12.92
2008-02-05,22.20,22.47,22.20,22.47,1100,12.92
2008-02-04,21.65,21.65,21.65,21.65,000,12.45
2008-02-01,21.65,21.65,21.65,21.65,400,12.45
2008-01-31,20.65,22.00,20.65,22.00,1900,12.65
2008-01-30,20.30,21.21,20.30,20.57,2000,11.83
2008-01-29,20.16,20.62,20.16,20.30,1000,11.67
2008-01-28,20.00,20.25,20.00,20.11,3300,11.56
2008-01-25,19.90,20.25,19.90,20.25,900,11.64
2008-01-24,19.83,20.20,19.83,20.20,2400,11.61
2008-01-23,19.80,19.80,19.80,19.80,100,11.38
2008-01-22,19.26,19.26,19.26,19.26,000,11.07
2008-01-18,19.50,19.50,19.11,19.26,1200,11.07
2008-01-17,20.65,20.65,20.65,20.65,300,11.78
2008-01-16,19.47,19.47,19.25,19.25,1000,10.98
2008-01-15,20.60,20.60,20.60,20.60,300,11.75
2008-01-14,19.41,20.45,19.41,20.45,500,11.66
2008-01-11,19.97,20.77,19.28,19.35,1600,11.04
2008-01-10,19.50,19.50,19.25,19.50,2200,11.12
2008-01-09,19.75,19.75,19.75,19.75,800,11.27
2008-01-08,19.00,19.00,18.80,18.80,300,10.72
2008-01-07,18.50,19.49,18.50,19.49,1200,11.12
2008-01-04,18.90,19.30,18.52,18.52,4500,10.56
2008-01-03,19.00,19.09,18.70,18.70,3200,10.67
2008-01-02,18.70,18.85,18.30,18.85,4100,10.75
2007-12-31,18.60,19.19,17.90,18.65,5200,10.64
2007-12-28,18.50,19.34,18.03,18.06,3500,10.30
2007-12-27,18.00,19.35,17.90,18.20,6200,10.38
2007-12-26,18.35,18.35,17.22,18.20,6800,10.38
2007-12-24,18.90,18.90,18.10,18.41,400,10.50
2007-12-21,18.82,19.00,18.02,18.46,4900,10.53
2007-12-20,19.00,19.00,18.82,18.82,2200,10.73
2007-12-19,19.10,19.22,19.10,19.20,1900,10.95
2007-12-18,19.34,19.50,17.00,19.27,6800,10.99
2007-12-17,20.60,21.24,20.40,20.40,600,11.54
2007-12-14,21.11,21.28,20.78,20.78,3500,11.76
2007-12-13,21.58,21.58,21.58,21.58,000,12.21
2007-12-12,21.58,21.58,21.58,21.58,1000,12.21
2007-12-11,21.69,21.69,21.49,21.60,1700,12.22
2007-12-10,22.49,22.49,21.66,21.66,1300,12.26
2007-12-07,22.65,22.65,21.63,21.63,1800,12.24
2007-12-06,22.81,23.00,22.59,22.61,3900,12.79
2007-12-05,21.51,22.96,21.51,22.96,800,12.99
2007-12-04,22.34,22.35,22.34,22.35,700,12.65
2007-12-03,21.75,22.44,21.49,21.49,1900,12.16
2007-11-30,22.34,22.34,21.25,21.25,5300,12.03
2007-11-29,22.25,22.25,22.25,22.25,1300,12.59
2007-11-28,22.27,22.30,22.25,22.30,1700,12.62
2007-11-27,22.45,22.99,22.45,22.99,1500,13.01
2007-11-26,22.35,22.99,22.25,22.45,2900,12.70
2007-11-23,22.35,22.35,22.25,22.25,400,12.59
2007-11-21,22.25,22.25,22.25,22.25,2000,12.59
2007-11-20,21.99,22.00,21.30,21.30,1900,12.05
2007-11-19,22.50,22.50,22.10,22.10,400,12.51
2007-11-16,22.01,22.01,22.01,22.01,000,12.36
2007-11-15,23.00,23.00,22.01,22.01,1600,12.36
2007-11-14,23.28,23.29,23.01,23.01,900,12.93
2007-11-13,23.90,23.90,23.25,23.26,1200,13.07
2007-11-12,23.95,23.95,23.95,23.95,000,13.45
2007-11-09,23.95,23.95,23.95,23.95,000,13.45
2007-11-08,23.95,23.95,23.95,23.95,000,13.45
2007-11-07,23.97,23.97,23.95,23.95,1100,13.45
2007-11-06,24.69,24.69,24.10,24.10,500,13.54
2007-11-05,24.21,24.21,23.91,23.91,600,13.43
2007-11-02,24.94,24.94,24.94,24.94,000,14.01
2007-11-01,24.23,24.94,24.23,24.94,1100,14.01
2007-10-31,24.20,24.23,23.89,23.89,1600,13.42
2007-10-30,24.20,24.20,24.20,24.20,000,13.59
2007-10-29,24.19,24.20,24.19,24.20,500,13.59
2007-10-26,24.20,24.20,24.20,24.20,000,13.59
2007-10-25,24.20,24.20,24.20,24.20,000,13.59
2007-10-24,24.20,24.20,24.20,24.20,300,13.59
2007-10-23,24.09,24.09,23.75,23.75,800,13.34
2007-10-22,24.06,24.06,24.06,24.06,200,13.52
2007-10-19,24.64,24.64,24.14,24.14,800,13.56
2007-10-18,24.38,24.80,24.25,24.60,2900,13.73
2007-10-17,24.25,24.26,24.22,24.26,1300,13.54
2007-10-16,24.38,24.38,24.38,24.38,000,13.61
2007-10-15,24.38,24.38,24.38,24.38,100,13.61
2007-10-12,24.25,24.25,24.25,24.25,500,13.53
2007-10-11,24.25,24.25,24.25,24.25,500,13.53
2007-10-10,24.05,24.25,24.05,24.25,700,13.53
2007-10-09,23.95,24.00,23.95,24.00,2100,13.39
2007-10-08,24.39,24.39,24.39,24.39,400,13.61
2007-10-05,24.20,24.25,23.27,23.66,3200,13.20
2007-10-04,24.86,24.86,24.86,24.86,000,13.87
2007-10-03,24.86,24.86,24.86,24.86,000,13.87
2007-10-02,24.50,24.88,24.39,24.86,3100,13.87
2007-10-01,24.50,24.50,24.50,24.50,000,13.67
2007-09-28,24.50,24.50,24.50,24.50,000,13.67
2007-09-27,24.50,24.50,24.50,24.50,700,13.67
2007-09-26,24.50,24.50,24.50,24.50,000,13.67
2007-09-25,24.50,24.50,24.50,24.50,000,13.67
2007-09-24,24.50,24.50,24.50,24.50,400,13.67
2007-09-21,24.35,24.35,24.35,24.35,900,13.59
2007-09-20,24.20,24.76,24.20,24.37,2500,13.60
2007-09-19,24.18,24.29,24.15,24.15,1600,13.48
2007-09-18,24.25,24.25,24.25,24.25,800,13.53
2007-09-17,24.54,24.58,24.40,24.58,600,13.63
2007-09-14,23.75,23.75,23.75,23.75,300,13.17
2007-09-13,23.89,24.95,23.11,23.11,1200,12.81
2007-09-12,23.01,23.01,23.01,23.01,000,12.76
2007-09-11,23.01,23.01,23.01,23.01,000,12.76
2007-09-10,23.65,23.65,23.01,23.01,1200,12.76
2007-09-07,23.62,23.62,23.62,23.62,000,13.10
2007-09-06,23.63,23.63,23.62,23.62,1000,13.10
2007-09-05,24.00,24.00,24.00,24.00,000,13.31
2007-09-04,24.00,24.00,24.00,24.00,000,13.31
2007-08-31,24.00,24.00,24.00,24.00,100,13.31
2007-08-30,24.00,24.00,24.00,24.00,400,13.31
2007-08-29,24.00,24.00,24.00,24.00,100,13.31
2007-08-28,23.71,24.25,23.71,24.00,1600,13.31
2007-08-27,24.50,24.50,24.50,24.50,400,13.58
2007-08-24,24.30,24.30,24.30,24.30,400,13.47
2007-08-23,24.11,24.30,24.10,24.30,1000,13.47
2007-08-22,24.10,24.25,23.76,24.25,2700,13.44
2007-08-21,23.26,24.00,23.26,24.00,1500,13.31
2007-08-20,23.99,23.99,23.99,23.99,000,13.21
2007-08-17,23.00,23.99,23.00,23.99,1400,13.21
2007-08-16,22.40,22.40,22.40,22.40,200,12.34
2007-08-15,23.80,23.80,23.80,23.80,000,13.11
2007-08-14,24.25,24.25,22.65,23.80,2500,13.11
2007-08-13,24.10,24.10,24.10,24.10,000,13.27
2007-08-10,24.10,24.10,24.10,24.10,300,13.27
2007-08-09,24.11,24.11,24.11,24.11,300,13.28
2007-08-08,24.10,24.10,24.10,24.10,200,13.27
2007-08-07,24.50,24.50,24.50,24.50,400,13.49
2007-08-06,24.50,25.29,24.50,24.50,1100,13.49
2007-08-03,24.83,24.83,23.80,23.80,1000,13.11
2007-08-02,25.00,25.00,25.00,25.00,000,13.77
2007-08-01,25.00,25.00,25.00,25.00,000,13.77
2007-07-31,25.00,25.00,25.00,25.00,300,13.77
2007-07-30,24.88,25.00,24.88,25.00,1200,13.77
2007-07-27,25.14,25.14,25.00,25.00,2000,13.77
2007-07-26,25.00,25.14,25.00,25.14,900,13.84
2007-07-25,25.00,25.00,25.00,25.00,400,13.77
2007-07-24,25.03,25.03,25.00,25.00,400,13.77
2007-07-23,25.01,25.01,25.01,25.01,1000,13.77
2007-07-20,25.22,25.22,25.22,25.22,000,13.89
2007-07-19,25.22,25.22,25.22,25.22,300,13.89
2007-07-18,25.30,25.30,25.30,25.30,500,13.84
2007-07-17,25.22,25.22,25.22,25.22,100,13.80
2007-07-16,25.22,25.22,25.22,25.22,000,13.80
2007-07-13,25.38,25.38,25.15,25.22,2100,13.80
2007-07-12,25.13,25.13,25.13,25.13,000,13.75
2007-07-11,25.13,25.13,25.13,25.13,000,13.75
2007-07-10,25.13,25.13,25.13,25.13,1000,13.75
2007-07-09,25.12,25.12,25.12,25.12,100,13.75
2007-07-06,25.35,25.35,25.35,25.35,000,13.87
2007-07-05,25.35,25.35,25.35,25.35,2700,13.87
2007-07-03,25.69,25.69,25.69,25.69,000,14.06
2007-07-02,25.69,25.69,25.69,25.69,1200,14.06
2007-06-29,25.69,25.69,25.69,25.69,1000,14.06
2007-06-28,25.69,25.69,25.69,25.69,400,14.06
2007-06-27,25.15,25.15,25.15,25.15,1000,13.76
2007-06-26,25.12,25.69,25.12,25.13,4400,13.75
2007-06-25,25.12,25.12,25.12,25.12,200,13.75
2007-06-22,25.69,25.69,25.69,25.69,1500,14.06
2007-06-21,26.50,26.50,25.03,25.06,800,13.71
2007-06-20,25.93,26.00,25.93,26.00,2300,14.23
2007-06-19,25.48,26.81,24.98,26.81,1300,14.67
2007-06-18,25.40,25.40,25.40,25.40,300,13.81
2007-06-15,25.25,25.25,25.25,25.25,400,13.73
2007-06-14,25.25,25.25,25.25,25.25,200,13.73
2007-06-13,25.18,25.18,25.18,25.18,000,13.69
2007-06-12,25.18,25.18,25.18,25.18,000,13.69
2007-06-11,25.18,25.18,25.18,25.18,200,13.69
2007-06-08,25.40,25.40,25.40,25.40,000,13.81
2007-06-07,25.40,25.40,25.40,25.40,000,13.81
2007-06-06,25.40,25.40,25.40,25.40,000,13.81
2007-06-05,25.25,25.40,25.25,25.40,1600,13.81
2007-06-04,25.20,25.20,25.17,25.17,500,13.69
2007-06-01,25.29,25.29,25.29,25.29,000,13.75
2007-05-31,25.80,25.80,25.29,25.29,800,13.75
2007-05-30,25.30,25.60,25.30,25.60,1400,13.92
2007-05-29,25.25,25.34,25.25,25.33,900,13.77
2007-05-25,25.15,25.15,25.15,25.15,000,13.67
2007-05-24,25.25,25.25,25.15,25.15,1000,13.67
2007-05-23,25.25,25.25,25.25,25.25,1600,13.73
2007-05-22,25.00,25.25,25.00,25.25,4600,13.73
2007-05-21,25.07,25.07,25.07,25.07,000,13.63
2007-05-18,25.30,25.30,25.00,25.07,1100,13.63
2007-05-17,25.16,25.40,25.13,25.13,1800,13.58
2007-05-16,25.16,25.24,25.15,25.24,1700,13.64
2007-05-15,25.25,25.25,25.20,25.20,2200,13.61
2007-05-14,25.15,25.15,25.15,25.15,300,13.59
2007-05-11,25.16,25.16,25.15,25.15,700,13.59
2007-05-10,25.35,25.35,25.15,25.15,4000,13.59
2007-05-09,25.25,25.25,25.25,25.25,100,13.64
2007-05-08,25.25,25.30,25.25,25.30,2000,13.67
2007-05-07,25.25,25.25,25.25,25.25,000,13.64
2007-05-04,25.26,25.26,25.25,25.25,400,13.64
2007-05-03,25.40,25.40,25.40,25.40,000,13.72
2007-05-02,25.24,25.40,25.24,25.40,2000,13.72
2007-05-01,25.25,25.25,25.23,25.24,1300,13.64
2007-04-30,25.25,25.26,25.25,25.26,1100,13.65
2007-04-27,25.08,25.33,25.08,25.08,2900,13.55
2007-04-26,25.10,25.10,25.10,25.10,000,13.56
2007-04-25,25.11,25.11,25.10,25.10,900,13.56
2007-04-24,25.28,25.28,25.06,25.06,3400,13.54
2007-04-23,25.29,25.39,25.28,25.39,1300,13.72
2007-04-20,25.20,25.20,25.16,25.19,3000,13.61
2007-04-19,25.33,25.33,25.33,25.33,800,13.68
2007-04-18,25.35,25.35,25.11,25.11,600,13.57
2007-04-17,25.20,25.20,25.20,25.20,2000,13.53
2007-04-16,25.15,25.15,25.15,25.15,000,13.50
2007-04-13,25.27,25.27,25.15,25.15,3200,13.50
2007-04-12,25.46,25.46,25.28,25.28,800,13.57
2007-04-11,25.30,25.30,25.30,25.30,000,13.58
2007-04-10,25.48,25.48,25.30,25.30,1500,13.58
2007-04-09,25.28,25.28,25.28,25.28,000,13.57
2007-04-05,25.31,25.31,25.28,25.28,800,13.57
2007-04-04,25.49,25.49,25.49,25.49,000,13.68
2007-04-03,25.49,25.49,25.49,25.49,100,13.68
2007-04-02,25.30,25.30,25.30,25.30,300,13.58
2007-03-30,25.29,25.29,25.29,25.29,000,13.58
2007-03-29,25.29,25.29,25.29,25.29,300,13.58
2007-03-28,25.42,25.42,25.28,25.31,2400,13.59
2007-03-27,25.42,25.42,25.42,25.42,100,13.65
2007-03-26,25.42,25.42,25.42,25.42,600,13.65
2007-03-23,25.51,25.51,25.51,25.51,000,13.69
2007-03-22,25.51,25.51,25.51,25.51,000,13.69
2007-03-21,25.51,25.51,25.51,25.51,000,13.69
2007-03-20,25.51,25.51,25.51,25.51,000,13.69
2007-03-19,25.51,25.51,25.51,25.51,000,13.61
2007-03-16,25.51,25.51,25.51,25.51,000,13.61
2007-03-15,25.51,25.51,25.51,25.51,200,13.61
2007-03-14,25.50,25.50,25.50,25.50,000,13.60
2007-03-13,26.09,26.09,25.50,25.50,900,13.60
2007-03-12,25.59,25.59,25.59,25.59,100,13.65
2007-03-09,25.58,25.58,25.58,25.58,000,13.64
2007-03-08,25.58,25.58,25.58,25.58,000,13.64
2007-03-07,25.58,25.58,25.58,25.58,100,13.64
2007-03-06,25.32,25.32,25.32,25.32,000,13.51
2007-03-05,25.43,25.43,25.31,25.32,1000,13.51
2007-03-02,25.70,25.70,25.70,25.70,000,13.71
2007-03-01,25.70,25.70,25.70,25.70,000,13.71
2007-02-28,25.70,25.70,25.70,25.70,000,13.71
2007-02-27,25.89,25.89,25.70,25.70,1200,13.71
2007-02-26,25.40,25.45,25.40,25.45,1600,13.58
2007-02-23,25.40,25.40,25.26,25.40,1100,13.55
2007-02-22,25.25,25.40,25.25,25.40,1600,13.55
2007-02-21,25.26,25.26,25.15,25.25,1300,13.47
2007-02-20,25.30,25.30,25.30,25.30,000,13.50
2007-02-16,25.30,25.30,25.30,25.30,000,13.50
2007-02-15,25.30,25.30,25.30,25.30,3000,13.50
2007-02-14,25.31,25.31,25.31,25.31,700,13.41
2007-02-13,25.24,25.24,25.24,25.24,000,13.38
2007-02-12,25.36,25.36,25.24,25.24,1200,13.38
2007-02-09,25.23,25.25,25.23,25.25,600,13.38
2007-02-08,25.48,25.48,25.21,25.21,1500,13.36
2007-02-07,25.41,25.41,25.41,25.41,000,13.47
2007-02-06,25.59,25.59,25.41,25.41,400,13.47
2007-02-05,25.59,25.59,25.45,25.45,500,13.49
2007-02-02,25.35,25.35,25.35,25.35,400,13.44
2007-02-01,25.35,25.38,25.35,25.35,400,13.44
2007-01-31,25.45,25.45,25.45,25.45,300,13.49
2007-01-30,25.45,25.74,25.35,25.74,1100,13.64
2007-01-29,25.40,25.40,25.40,25.40,300,13.46
2007-01-26,25.45,25.45,25.45,25.45,000,13.49
2007-01-25,25.45,25.45,25.45,25.45,300,13.49
2007-01-24,25.35,25.35,25.35,25.35,000,13.44
2007-01-23,25.35,25.35,25.35,25.35,000,13.44
2007-01-22,25.40,25.40,25.35,25.35,600,13.44
2007-01-19,25.35,25.35,25.35,25.35,200,13.44
2007-01-18,25.54,25.54,25.54,25.54,000,13.45
2007-01-17,25.53,25.54,25.53,25.54,500,13.45
2007-01-16,25.44,25.46,25.44,25.46,900,13.41
2007-01-12,25.44,25.44,25.44,25.44,200,13.40
2007-01-11,25.45,25.45,25.01,25.01,2700,13.17
2007-01-10,25.48,25.48,25.46,25.46,500,13.41
2007-01-09,25.48,25.48,25.48,25.48,300,13.42
2007-01-08,25.48,25.48,25.48,25.48,000,13.42
2007-01-05,25.49,25.49,25.48,25.48,500,13.42
2007-01-04,25.48,25.49,25.48,25.49,1300,13.42
2007-01-03,25.48,25.48,25.40,25.48,1300,13.42
2006-12-29,25.43,25.43,25.40,25.40,700,13.38
2006-12-28,25.40,25.60,25.40,25.41,1600,13.38
2006-12-27,25.40,25.40,25.40,25.40,200,13.38
2006-12-26,25.48,25.48,25.48,25.48,800,13.42
2006-12-22,25.32,25.32,25.32,25.32,000,13.34
2006-12-21,25.32,25.32,25.32,25.32,000,13.34
2006-12-20,25.32,25.32,25.32,25.32,000,13.34
2006-12-19,25.52,25.52,25.32,25.32,800,13.34
2006-12-18,25.89,25.89,25.89,25.89,000,13.64
2006-12-15,25.89,25.89,25.89,25.89,000,13.55
2006-12-14,25.89,25.89,25.89,25.89,500,13.55
2006-12-13,25.89,25.89,25.89,25.89,100,13.55
2006-12-12,25.98,25.98,25.98,25.98,000,13.60
2006-12-11,26.76,26.76,25.98,25.98,1400,13.60
2006-12-08,26.00,26.01,26.00,26.01,200,13.61
2006-12-07,25.75,25.75,25.75,25.75,100,13.48
2006-12-06,25.75,25.75,25.75,25.75,700,13.48
2006-12-05,25.74,25.74,25.74,25.74,200,13.47
2006-12-04,25.39,25.40,25.39,25.40,600,13.29
2006-12-01,25.39,25.39,25.39,25.39,000,13.29
2006-11-30,25.37,25.39,25.37,25.39,200,13.29
2006-11-29,25.43,25.69,25.43,25.69,500,13.45
2006-11-28,25.69,25.69,25.68,25.68,1300,13.44
2006-11-27,25.50,25.50,25.38,25.38,3600,13.28
2006-11-24,25.69,25.69,25.69,25.69,000,13.45
2006-11-22,25.69,25.69,25.69,25.69,2000,13.45
2006-11-21,25.69,25.69,25.69,25.69,200,13.45
2006-11-20,25.52,25.52,25.41,25.49,1400,13.34
2006-11-17,25.56,25.56,25.56,25.56,600,13.38
2006-11-16,25.85,25.85,25.85,25.85,000,13.45
2006-11-15,25.85,25.85,25.85,25.85,500,13.45
2006-11-14,25.57,25.58,25.57,25.58,400,13.31
2006-11-13,25.62,25.62,25.57,25.57,300,13.30
2006-11-10,25.56,25.56,25.56,25.56,000,13.29
2006-11-09,25.56,25.56,25.56,25.56,000,13.29
2006-11-08,25.56,25.56,25.56,25.56,000,13.29
2006-11-07,25.56,25.56,25.56,25.56,000,13.29
2006-11-06,25.56,25.56,25.56,25.56,500,13.29
2006-11-03,25.60,25.60,25.60,25.60,000,13.32
2006-11-02,25.60,25.60,25.60,25.60,000,13.32
2006-11-01,25.60,25.60,25.60,25.60,000,13.32
2006-10-31,25.60,25.60,25.60,25.60,000,13.32
2006-10-30,25.60,25.60,25.60,25.60,100,13.32
2006-10-27,25.60,25.60,25.60,25.60,000,13.32
2006-10-26,25.60,25.60,25.60,25.60,000,13.32
2006-10-25,25.60,25.60,25.60,25.60,000,13.32
2006-10-24,25.60,25.60,25.60,25.60,1000,13.32
2006-10-23,25.50,26.47,25.50,25.60,4200,13.32
2006-10-20,25.50,25.50,25.50,25.50,000,13.26
2006-10-19,25.45,25.50,25.45,25.50,2200,13.26
2006-10-18,25.50,25.51,25.50,25.51,5000,13.19
2006-10-17,26.00,26.00,25.50,25.50,1700,13.18
2006-10-16,26.00,26.00,25.50,25.50,2000,13.18
2006-10-13,25.80,25.80,25.80,25.80,000,13.33
2006-10-12,25.80,25.80,25.80,25.80,200,13.33
2006-10-11,25.80,25.80,25.75,25.75,700,13.31
2006-10-10,25.75,25.75,25.75,25.75,600,13.31
2006-10-09,25.43,25.43,25.43,25.43,1000,13.14
2006-10-06,25.75,25.75,25.75,25.75,000,13.31
2006-10-05,25.74,25.75,25.74,25.75,900,13.31
2006-10-04,25.45,25.45,25.45,25.45,1100,13.15
2006-10-03,25.50,25.50,25.50,25.50,000,13.18
2006-10-02,25.50,25.50,25.50,25.50,2000,13.18
2006-09-29,25.32,25.32,25.32,25.32,000,13.09
2006-09-28,25.52,25.52,25.32,25.32,2900,13.09
2006-09-27,25.52,25.52,25.52,25.52,000,13.19
2006-09-26,25.52,25.52,25.52,25.52,200,13.19
2006-09-25,25.52,25.52,25.52,25.52,000,13.19
2006-09-22,25.55,25.55,25.52,25.52,1300,13.19
2006-09-21,26.48,26.48,25.51,25.51,600,13.19
2006-09-20,25.55,25.55,25.55,25.55,3400,13.21
2006-09-19,25.69,25.69,25.68,25.69,1100,13.28
2006-09-18,25.55,25.55,25.55,25.55,000,13.12
2006-09-15,25.55,25.55,25.55,25.55,200,13.12
2006-09-14,25.55,25.55,25.55,25.55,000,13.12
2006-09-13,25.58,25.58,25.25,25.55,4200,13.12
2006-09-12,25.75,25.75,25.75,25.75,1000,13.23
2006-09-11,25.75,25.75,25.75,25.75,000,13.23
2006-09-08,25.72,25.75,25.72,25.75,1200,13.23
2006-09-07,25.72,25.72,25.72,25.72,1300,13.21
