Date,Open,High,Low,Close,Volume,Adj Close
2014-02-24,58.64,59.31,58.63,58.79,261600,58.79
2014-02-21,59.39,60.48,58.08,58.75,711500,58.75
2014-02-20,61.66,63.11,61.25,62.92,94800,62.92
2014-02-19,61.07,61.96,60.42,61.45,154100,61.45
2014-02-18,61.69,62.33,61.32,61.39,135300,61.39
2014-02-14,62.47,62.81,61.66,61.75,108800,61.75
2014-02-13,62.29,62.64,61.48,62.48,152700,62.48
2014-02-12,62.64,62.95,61.80,62.60,50500,62.60
2014-02-11,62.98,63.04,62.25,62.44,114200,62.44
2014-02-10,62.50,62.81,61.70,62.32,95300,62.32
2014-02-07,62.81,63.59,62.18,62.49,94700,62.49
2014-02-06,62.06,62.86,61.50,62.81,73600,62.81
2014-02-05,62.13,63.18,61.69,61.99,93200,61.99
2014-02-04,63.48,63.75,62.66,62.82,126000,62.82
2014-02-03,64.70,65.33,62.93,63.45,156500,63.45
2014-01-31,63.98,64.77,63.85,64.51,91200,64.51
2014-01-30,64.66,65.46,64.19,64.82,66800,64.82
2014-01-29,63.53,64.50,63.06,64.28,84400,64.28
2014-01-28,64.00,64.18,62.90,64.05,140000,64.05
2014-01-27,65.91,66.09,63.98,64.10,108700,64.10
2014-01-24,65.66,66.40,64.37,65.67,114400,65.67
2014-01-23,65.41,66.36,65.09,66.20,159800,66.20
2014-01-22,65.37,66.00,65.15,65.65,51300,65.65
2014-01-21,65.64,65.88,65.12,65.47,64000,65.47
2014-01-17,65.20,65.85,64.66,65.47,161900,65.47
2014-01-16,65.20,65.40,64.28,65.10,109000,65.10
2014-01-15,64.95,65.50,64.16,65.16,52500,65.16
2014-01-14,64.57,65.81,63.71,65.07,159800,65.07
2014-01-13,64.32,65.06,63.64,64.20,152800,64.20
2014-01-10,63.81,65.30,63.81,64.49,172000,64.49
2014-01-09,64.09,64.94,63.58,64.07,127000,64.07
2014-01-08,62.75,64.01,62.22,63.87,210300,63.87
2014-01-07,63.50,65.77,62.68,62.90,232600,62.90
2014-01-06,63.14,63.89,63.00,63.42,143100,63.42
2014-01-03,62.74,63.79,62.41,63.08,108900,63.08
2014-01-02,63.64,63.66,62.52,62.79,93200,62.79
2013-12-31,64.26,64.47,63.32,63.71,80700,63.71
2013-12-30,64.52,64.72,63.89,64.38,90400,64.38
2013-12-27,64.95,65.74,64.30,64.67,91500,64.67
2013-12-26,65.12,65.29,64.30,64.71,72600,64.71
2013-12-24,64.78,65.84,64.05,65.00,54000,65.00
2013-12-23,64.50,64.66,63.78,64.64,119100,64.64
2013-12-20,64.49,65.07,63.73,64.46,289000,64.46
2013-12-19,64.98,65.70,64.21,64.23,92800,64.23
2013-12-18,64.88,65.43,64.55,65.21,140200,65.21
2013-12-17,64.75,65.00,64.19,64.70,143200,64.70
2013-12-16,64.28,64.98,64.28,64.97,112400,64.97
2013-12-13,63.93,65.00,63.85,64.21,79100,64.21
2013-12-12,63.93,64.36,63.39,63.96,136000,63.96
2013-12-11,65.59,65.59,63.58,63.91,144100,63.91
2013-12-10,65.78,65.78,64.93,65.37,139900,65.37
2013-12-09,65.84,66.45,65.16,65.72,103800,65.72
2013-12-06,65.73,66.28,65.12,65.95,119800,65.95
2013-12-05,65.61,66.02,64.85,65.32,110200,65.32
2013-12-04,66.03,66.20,64.73,65.78,138100,65.78
2013-12-03,66.00,66.50,64.94,66.12,165100,66.12
2013-12-02,65.68,66.62,65.33,66.25,122800,66.25
2013-11-29,66.02,66.51,65.45,65.69,58700,65.69
2013-11-27,64.58,66.20,64.58,65.68,108800,65.68
2013-11-26,63.51,64.87,63.15,64.58,126900,64.58
2013-11-25,63.62,64.01,63.30,63.52,69200,63.52
2013-11-22,63.30,64.11,62.08,63.74,71100,63.74
2013-11-21,63.20,64.10,62.08,63.36,65200,63.36
2013-11-20,61.43,64.29,60.75,63.21,242100,63.21
2013-11-19,61.85,61.97,60.93,61.18,91100,61.18
2013-11-18,62.58,63.14,61.22,61.74,60300,61.74
2013-11-15,62.70,62.82,62.15,62.48,104700,62.48
2013-11-14,62.53,62.65,61.60,62.33,140600,62.33
2013-11-13,61.86,62.57,61.57,62.47,72600,62.47
2013-11-12,61.48,62.26,60.88,62.08,172600,62.08
2013-11-11,62.58,62.86,60.84,61.51,111500,61.51
2013-11-08,61.45,62.99,61.19,62.80,129300,62.80
2013-11-07,61.20,61.61,61.00,61.53,117900,61.53
2013-11-06,61.22,61.85,60.67,61.32,84000,61.32
2013-11-05,61.00,61.44,60.42,61.28,90300,61.28
2013-11-04,60.88,61.71,60.46,61.38,102500,61.38
2013-11-01,61.68,62.45,60.06,60.86,194800,60.86
2013-10-31,62.51,62.68,61.72,61.80,77800,61.80
2013-10-30,63.42,63.43,62.37,62.59,72400,62.59
2013-10-29,62.19,63.33,61.89,63.23,111400,63.23
2013-10-28,62.42,63.49,62.14,62.34,245800,62.34
2013-10-25,64.00,65.00,62.64,62.82,198000,62.82
2013-10-24,66.46,67.73,60.43,63.66,709400,63.66
2013-10-23,67.56,68.65,66.92,68.04,166300,68.04
2013-10-22,64.77,67.84,63.98,67.65,416400,67.65
2013-10-21,65.60,66.40,63.21,63.80,195600,63.80
2013-10-18,66.95,67.25,65.67,65.71,118900,65.71
2013-10-17,64.62,66.51,64.62,66.49,110200,66.49
2013-10-16,66.26,66.26,64.49,64.98,132500,64.98
2013-10-15,66.04,66.79,65.00,65.75,202200,65.75
2013-10-14,65.32,67.15,65.11,66.50,120200,66.50
2013-10-11,64.51,65.55,64.20,65.50,99000,65.50
2013-10-10,64.60,65.62,64.32,64.90,135500,64.90
2013-10-09,64.96,65.46,63.39,63.87,155300,63.87
2013-10-08,66.44,67.25,64.88,65.10,95400,65.10
2013-10-07,67.30,67.90,66.26,66.56,109600,66.56
2013-10-04,66.43,68.48,66.43,67.81,153200,67.81
2013-10-03,68.31,68.31,66.60,66.64,119400,66.64
2013-10-02,68.21,69.05,68.06,68.32,57500,68.32
2013-10-01,67.93,68.74,67.34,68.74,110300,68.74
2013-09-30,67.36,68.00,66.49,67.93,72400,67.93
2013-09-27,67.80,68.48,67.80,67.84,53200,67.84
2013-09-26,68.23,68.80,67.94,68.43,54400,68.43
2013-09-25,68.00,68.66,67.58,68.30,87400,68.30
2013-09-24,68.59,68.67,67.70,68.13,149600,68.13
2013-09-23,67.94,68.94,67.70,68.79,65200,68.79
2013-09-20,67.85,68.42,67.70,67.95,170300,67.95
2013-09-19,68.70,69.03,67.83,67.88,83400,67.88
2013-09-18,69.62,70.28,68.26,68.57,112500,68.57
2013-09-17,69.45,69.87,69.12,69.77,69900,69.77
2013-09-16,70.82,70.82,69.51,69.55,63600,69.55
2013-09-13,69.97,70.38,69.26,70.29,94500,70.29
2013-09-12,69.31,70.34,67.09,69.78,500900,69.78
2013-09-11,69.51,70.15,69.00,69.21,146500,69.21
2013-09-10,69.17,69.99,68.89,69.48,165600,69.48
2013-09-09,69.96,70.52,69.19,69.33,197200,69.33
2013-09-06,71.28,72.00,69.62,69.67,148500,69.67
2013-09-05,70.17,72.00,69.98,71.22,107600,71.22
2013-09-04,69.50,70.35,69.12,69.96,138500,69.96
2013-09-03,71.95,72.47,69.17,69.47,249400,69.47
2013-08-30,72.20,72.67,71.19,71.48,146800,71.48
2013-08-29,72.37,73.67,71.89,72.50,111800,72.50
2013-08-28,72.56,73.38,71.49,72.30,216000,72.30
2013-08-27,73.37,73.37,72.15,72.57,184500,72.57
2013-08-26,73.07,73.96,70.26,73.64,332200,73.64
2013-08-23,74.08,74.93,70.97,72.87,227600,72.87
2013-08-22,72.93,74.09,72.93,74.00,111500,74.00
2013-08-21,72.74,73.37,72.25,72.83,330100,72.83
2013-08-20,72.14,73.32,71.80,72.84,499500,72.84
2013-08-19,71.02,72.36,70.24,72.03,335100,72.03
2013-08-16,70.48,71.19,70.42,70.81,183800,70.81
2013-08-15,70.86,71.54,70.14,71.00,292500,71.00
2013-08-14,71.32,71.90,71.32,71.47,151000,71.47
2013-08-13,72.20,72.25,71.35,71.70,66800,71.70
2013-08-12,71.93,72.75,71.83,71.95,65400,71.95
2013-08-09,71.13,73.01,71.13,72.70,141400,72.70
2013-08-08,71.39,71.69,70.91,71.35,98700,71.35
2013-08-07,71.51,71.81,70.77,71.00,145000,71.00
2013-08-06,72.30,72.41,71.25,71.52,144800,71.52
2013-08-05,72.83,73.49,72.00,72.23,142000,72.23
2013-08-02,73.50,74.12,72.59,73.19,398400,73.19
2013-08-01,70.64,85.00,70.05,73.50,659100,73.50
2013-07-31,69.99,72.32,69.99,71.69,108800,71.69
2013-07-30,70.04,70.72,69.54,70.05,51900,70.05
2013-07-29,70.62,70.87,69.49,70.07,96500,70.07
2013-07-26,70.86,71.25,70.11,70.92,61000,70.92
2013-07-25,70.51,71.31,69.82,71.15,69500,71.15
2013-07-24,70.03,71.26,70.03,70.54,112300,70.54
2013-07-23,69.23,71.13,69.00,70.18,153400,70.18
2013-07-22,68.05,69.28,67.63,68.99,131000,68.99
2013-07-19,69.25,71.19,67.72,68.53,765500,68.53
2013-07-18,73.45,74.98,73.45,74.59,136200,74.59
2013-07-17,73.99,74.60,73.28,73.48,116500,73.48
2013-07-16,72.96,74.00,72.60,73.76,124800,73.76
2013-07-15,73.31,74.15,72.80,73.11,152000,73.11
2013-07-12,75.00,75.00,73.11,73.47,147100,73.47
2013-07-11,76.31,76.31,74.50,74.97,90000,74.97
2013-07-10,75.70,76.00,75.35,75.90,69800,75.90
2013-07-09,75.05,76.00,74.69,75.61,105400,75.61
2013-07-08,74.77,75.11,74.45,74.89,161800,74.89
2013-07-05,75.20,75.20,74.14,74.70,50700,74.70
2013-07-03,73.63,74.37,73.05,74.18,20500,74.18
2013-07-02,72.97,73.94,72.97,73.76,96500,73.76
2013-07-01,72.42,73.66,72.10,73.20,103300,73.20
2013-06-28,72.65,73.10,72.04,72.06,130200,72.06
2013-06-27,72.43,73.07,71.35,72.92,104500,72.92
2013-06-26,73.62,73.65,71.78,72.23,125000,72.23
2013-06-25,73.77,73.97,72.87,73.25,80800,73.25
2013-06-24,73.05,73.70,72.76,73.31,81100,73.31
2013-06-21,73.88,74.62,73.22,73.70,123900,73.70
2013-06-20,72.73,73.73,71.76,73.52,115300,73.52
2013-06-19,74.37,74.53,73.75,73.84,69500,73.84
2013-06-18,73.91,74.46,73.61,74.17,82400,74.17
2013-06-17,73.29,74.78,73.29,74.03,97600,74.03
2013-06-14,75.37,76.21,72.85,73.50,187500,73.50
2013-06-13,73.50,76.64,73.25,75.70,317200,75.70
2013-06-12,73.95,74.88,73.25,73.69,159200,73.69
2013-06-11,71.70,74.05,71.08,73.81,211500,73.81
2013-06-10,72.24,72.75,71.43,72.69,107200,72.69
2013-06-07,67.78,72.00,67.56,71.76,281900,71.76
2013-06-06,67.82,69.16,66.78,67.39,156400,67.39
2013-06-05,69.57,70.02,67.87,67.89,79000,67.89
2013-06-04,71.50,71.50,69.22,69.80,116200,69.80
2013-06-03,71.26,71.78,71.00,71.28,159500,71.28
2013-05-31,70.65,71.88,70.47,71.39,108500,71.39
2013-05-30,71.14,71.50,70.60,71.11,85900,71.11
2013-05-29,71.80,71.99,70.67,70.95,72300,70.95
2013-05-28,71.46,71.88,70.42,71.79,113200,71.79
2013-05-24,68.69,70.86,68.69,70.68,118100,70.68
2013-05-23,67.81,69.01,67.53,68.88,58100,68.88
2013-05-22,68.74,69.50,67.77,68.16,71200,68.16
2013-05-21,68.83,69.04,68.07,68.54,95200,68.54
2013-05-20,67.43,69.66,67.10,68.62,96100,68.62
2013-05-17,67.24,67.57,66.89,67.54,77800,67.54
2013-05-16,66.88,67.79,66.70,67.13,44400,67.13
2013-05-15,67.17,67.67,66.89,67.14,47100,67.14
2013-05-14,66.95,67.88,66.93,67.46,81700,67.46
2013-05-13,67.33,67.53,66.79,66.97,48700,66.97
2013-05-10,66.39,67.71,66.39,67.25,128400,67.25
2013-05-09,68.01,68.12,65.72,66.10,405700,66.10
2013-05-08,61.01,71.29,61.01,68.83,1066000,68.83
2013-05-07,60.82,61.20,60.41,61.10,61600,61.10
2013-05-06,61.26,61.74,60.57,61.11,20100,61.11
2013-05-03,60.97,61.59,60.34,61.31,87300,61.31
2013-05-02,59.58,60.42,59.58,60.28,33600,60.28
2013-05-01,59.89,59.89,59.01,59.40,130700,59.40
2013-04-30,59.92,60.63,59.46,60.25,55800,60.25
2013-04-29,60.19,60.19,59.46,60.05,58400,60.05
2013-04-26,59.96,60.05,59.36,60.00,51100,60.00
2013-04-25,60.07,60.59,59.74,60.00,53400,60.00
2013-04-24,61.20,61.74,59.84,60.04,58700,60.04
2013-04-23,61.10,61.13,53.01,61.06,158900,61.06
2013-04-22,60.60,60.60,59.45,60.35,59400,60.35
2013-04-19,59.34,60.36,58.97,60.26,79800,60.26
2013-04-18,59.44,59.91,58.48,59.24,59400,59.24
2013-04-17,59.50,59.92,58.54,59.25,145300,59.25
2013-04-16,59.65,60.00,59.03,59.81,64200,59.81
2013-04-15,59.80,60.51,58.86,59.27,159600,59.27
2013-04-12,59.25,60.51,59.25,60.09,58100,60.09
2013-04-11,59.60,59.94,59.30,59.54,47200,59.54
2013-04-10,58.65,59.89,58.60,59.65,100600,59.65
2013-04-09,58.71,59.10,58.39,58.61,59100,58.61
2013-04-08,59.05,59.05,58.18,58.72,80500,58.72
2013-04-05,58.21,59.25,58.21,58.77,92900,58.77
2013-04-04,58.31,59.25,57.33,59.06,308800,59.06
2013-04-03,58.95,59.26,58.30,58.34,44300,58.34
2013-04-02,59.40,59.68,58.40,58.70,52600,58.70
2013-04-01,58.95,59.27,58.06,59.04,38500,59.04
2013-03-28,59.73,59.73,58.88,58.95,108500,58.95
2013-03-27,58.91,59.87,58.48,59.57,35200,59.57
2013-03-26,59.17,59.91,58.68,59.35,45500,59.35
2013-03-25,59.57,59.57,58.31,58.76,72600,58.76
2013-03-22,59.22,59.56,58.90,59.28,51000,59.28
2013-03-21,58.44,59.36,58.44,58.88,59100,58.88
2013-03-20,59.04,59.86,58.35,58.79,195300,58.79
2013-03-19,58.87,59.64,58.62,58.89,44000,58.89
2013-03-18,58.85,59.12,58.56,58.85,89000,58.85
2013-03-15,59.81,59.81,58.94,58.96,84400,58.96
2013-03-14,59.52,59.79,59.13,59.67,66600,59.67
2013-03-13,59.15,59.56,58.68,59.30,33200,59.30
2013-03-12,59.56,60.66,59.14,59.14,106400,59.14
2013-03-11,59.46,60.00,59.02,59.77,78700,59.77
2013-03-08,58.73,59.93,58.66,59.75,105300,59.75
2013-03-07,58.26,58.95,57.63,58.51,112400,58.51
2013-03-06,58.03,58.38,57.18,57.40,44700,57.40
2013-03-05,56.85,58.08,56.77,57.80,56900,57.80
2013-03-04,57.43,57.65,56.48,56.84,47600,56.84
2013-03-01,56.32,57.81,56.29,57.70,63800,57.70
2013-02-28,56.14,57.24,56.14,56.76,90900,56.76
2013-02-27,56.16,56.73,56.02,56.07,32300,56.07
2013-02-26,56.68,56.95,56.25,56.26,60700,56.26
2013-02-25,56.84,57.30,56.59,56.59,123500,56.59
2013-02-22,57.55,57.69,56.42,56.69,52500,56.69
2013-02-21,56.68,57.62,56.11,57.13,91600,57.13
2013-02-20,57.33,57.37,56.31,56.70,169400,56.70
2013-02-19,58.79,58.91,57.00,57.27,151300,57.27
2013-02-15,59.78,59.78,58.85,58.89,101900,58.89
2013-02-14,60.93,60.93,59.33,59.45,58100,59.45
2013-02-13,61.03,61.25,60.62,60.90,38700,60.90
2013-02-12,61.40,61.61,60.78,60.99,32300,60.99
2013-02-11,61.42,61.74,60.79,61.22,50500,61.22
2013-02-08,61.89,62.05,61.04,61.33,51000,61.33
2013-02-07,61.54,61.80,61.06,61.68,167300,61.68
2013-02-06,61.40,62.00,61.07,61.76,105600,61.76
2013-02-05,60.43,62.32,59.28,61.86,243100,61.86
2013-02-04,60.90,61.17,59.40,60.24,141100,60.24
2013-02-01,60.80,61.44,60.80,61.16,40900,61.16
2013-01-31,60.21,60.77,60.13,60.45,62500,60.45
2013-01-30,62.79,62.79,60.15,60.43,132400,60.43
2013-01-29,63.18,63.59,62.56,62.81,56100,62.81
2013-01-28,64.03,64.25,63.13,63.34,81100,63.34
2013-01-25,63.23,63.95,62.20,63.91,58400,63.91
2013-01-24,62.18,63.25,61.89,62.83,125800,62.83
2013-01-23,61.93,62.16,61.42,61.96,43600,61.96
2013-01-22,61.69,61.96,61.30,61.79,97700,61.79
2013-01-18,61.03,61.65,60.87,61.57,82200,61.57
2013-01-17,61.25,61.25,60.83,61.04,104700,61.04
2013-01-16,61.03,61.28,60.72,60.89,78700,60.89
2013-01-15,61.25,61.49,60.40,61.02,75600,61.02
2013-01-14,61.69,62.00,61.52,61.71,39500,61.71
2013-01-11,62.13,62.36,61.52,61.78,111200,61.78
2013-01-10,62.40,62.40,61.31,61.97,109600,61.97
2013-01-09,62.41,62.99,61.61,62.05,103100,62.05
2013-01-08,62.49,62.73,61.24,62.15,92000,62.15
2013-01-07,61.33,62.49,61.33,61.88,55400,61.88
2013-01-04,62.12,62.78,61.76,61.77,41500,61.77
2013-01-03,61.82,62.45,60.62,61.77,36700,61.77
2013-01-02,61.06,62.13,61.06,61.70,66200,61.70
2012-12-31,59.39,61.62,59.02,60.93,68900,60.93
2012-12-28,61.49,61.88,60.24,60.47,40600,60.47
2012-12-27,61.09,61.94,60.55,61.62,31400,61.62
2012-12-26,62.33,62.33,60.50,61.02,67900,61.02
2012-12-24,62.21,62.27,61.11,62.23,16400,62.23
2012-12-21,62.30,62.73,61.93,62.03,152100,62.03
2012-12-20,61.79,63.32,61.68,62.61,53000,62.61
2012-12-19,61.95,62.39,61.25,61.85,45400,61.85
2012-12-18,60.51,61.97,60.17,61.78,43400,61.78
2012-12-17,60.44,60.76,59.81,60.17,57200,60.17
2012-12-14,59.68,60.40,59.34,60.11,36600,60.11
2012-12-13,60.10,60.59,59.42,59.98,83200,59.98
2012-12-12,61.42,61.67,59.99,60.06,47800,60.06
2012-12-11,60.64,61.75,60.64,61.45,47500,61.45
2012-12-10,60.39,60.94,60.13,60.27,28700,60.27
2012-12-07,60.59,61.00,60.06,60.48,41300,60.48
2012-12-06,60.36,60.89,60.07,60.16,44100,60.16
2012-12-05,59.92,61.17,59.67,60.34,87800,60.34
2012-12-04,59.47,60.25,58.81,59.76,72300,59.76
2012-12-03,59.41,59.52,58.88,59.30,44500,59.30
2012-11-30,59.58,59.58,58.52,58.89,53200,58.89
2012-11-29,58.83,59.68,57.96,59.34,34900,59.34
2012-11-28,58.88,58.91,58.08,58.63,67500,58.63
2012-11-27,59.28,59.69,58.72,58.97,54400,58.97
2012-11-26,59.05,59.58,58.78,59.50,58600,59.50
2012-11-23,59.43,59.50,58.69,59.05,17800,59.05
2012-11-21,59.31,59.38,58.41,59.14,20700,59.14
2012-11-20,58.44,59.05,58.21,59.04,96100,59.04
2012-11-19,57.43,58.76,57.18,58.71,47800,58.71
2012-11-16,57.55,57.71,56.57,57.10,105700,57.10
2012-11-15,58.11,58.52,57.00,57.75,41800,57.75
2012-11-14,58.78,59.54,58.14,58.35,46700,58.35
2012-11-13,58.04,59.46,58.04,58.76,70100,58.76
2012-11-12,58.50,58.97,57.84,58.48,36000,58.48
2012-11-09,58.06,59.15,57.31,58.42,56600,58.42
2012-11-08,59.51,59.96,58.15,58.16,69200,58.16
2012-11-07,60.73,61.30,59.25,59.60,90100,59.60
2012-11-06,59.54,61.50,59.54,61.18,102200,61.18
2012-11-05,58.86,60.49,58.86,59.78,70800,59.78
2012-11-02,59.55,59.63,58.84,58.85,154500,58.85
2012-11-01,59.54,59.92,58.62,59.54,96700,59.54
2012-10-31,59.50,60.44,58.74,59.19,76000,59.19
2012-10-26,60.30,60.78,59.02,59.29,52900,59.29
2012-10-25,60.92,61.00,59.85,60.11,52900,60.11
2012-10-24,61.14,61.14,60.29,60.47,50200,60.47
2012-10-23,60.94,61.22,60.63,60.82,39200,60.82
2012-10-22,60.85,61.28,60.40,61.19,77200,61.19
2012-10-19,60.96,61.06,60.66,60.77,82400,60.77
2012-10-18,61.32,61.83,60.98,61.19,61100,61.19
2012-10-17,61.66,61.92,60.83,61.32,97700,61.32
2012-10-16,60.68,61.86,59.86,61.43,160300,61.43
2012-10-15,59.16,60.19,58.84,59.96,157200,59.96
2012-10-12,60.69,60.69,59.06,59.21,90000,59.21
2012-10-11,61.29,61.52,60.37,60.40,78200,60.40
2012-10-10,60.28,61.48,60.17,61.12,41000,61.12
2012-10-09,61.42,61.90,60.42,60.51,101600,60.51
2012-10-08,61.47,61.76,60.73,61.56,67500,61.56
2012-10-05,61.67,62.00,61.32,61.56,96800,61.56
2012-10-04,62.16,62.79,61.37,61.57,95200,61.57
2012-10-03,61.74,62.48,61.31,62.10,107400,62.10
2012-10-02,61.53,62.21,61.04,61.53,143000,61.53
2012-10-01,60.93,61.99,60.74,61.39,166800,61.39
2012-09-28,61.66,61.66,59.96,60.48,148800,60.48
2012-09-27,60.57,62.35,59.88,61.94,236500,61.94
2012-09-26,59.55,60.21,59.38,60.08,79300,60.08
2012-09-25,59.60,60.39,59.05,59.46,59100,59.46
2012-09-24,60.50,60.58,59.06,59.32,75600,59.32
2012-09-21,60.49,60.70,59.81,60.52,116300,60.52
2012-09-20,58.61,59.92,58.54,59.84,58700,59.84
2012-09-19,58.46,59.09,58.36,58.70,48500,58.70
2012-09-18,58.59,58.80,58.33,58.53,41500,58.53
2012-09-17,58.37,58.72,58.37,58.59,37200,58.59
2012-09-14,59.07,59.81,58.46,58.61,67900,58.61
2012-09-13,57.69,59.01,57.37,58.87,53000,58.87
2012-09-12,57.55,58.19,57.21,57.58,50300,57.58
2012-09-11,57.88,58.35,57.04,57.49,77500,57.49
2012-09-10,58.76,58.89,57.49,57.69,106400,57.69
2012-09-07,59.12,59.12,58.60,58.91,29900,58.91
2012-09-06,57.46,58.85,57.46,58.80,88200,58.80
2012-09-05,57.04,57.85,56.90,57.32,57700,57.32
2012-09-04,55.59,57.33,55.41,57.18,73100,57.18
2012-08-31,55.95,55.95,55.15,55.50,34300,55.50
2012-08-30,56.23,56.55,55.32,55.58,36100,55.58
2012-08-29,56.90,57.00,56.21,56.38,45500,56.38
2012-08-28,55.91,56.72,55.62,56.58,63800,56.58
2012-08-27,55.96,56.46,55.66,55.90,36400,55.90
2012-08-24,55.82,56.07,55.49,55.86,160500,55.86
2012-08-23,56.11,56.34,55.96,56.01,23300,56.01
2012-08-22,56.35,56.53,55.99,56.23,67300,56.23
2012-08-21,56.65,57.38,56.47,56.56,59200,56.56
2012-08-20,56.50,56.77,56.09,56.50,138300,56.50
2012-08-17,56.15,56.86,55.88,56.71,210100,56.71
2012-08-16,55.91,56.46,55.52,56.23,134900,56.23
2012-08-15,55.51,56.87,55.51,56.16,70000,56.16
2012-08-14,56.13,56.13,55.65,55.91,65200,55.91
2012-08-13,55.07,55.79,54.93,55.72,72400,55.72
2012-08-10,54.56,55.40,54.52,55.23,91400,55.23
2012-08-09,54.36,54.90,54.21,54.54,55700,54.54
2012-08-08,54.52,54.71,54.30,54.40,51300,54.40
2012-08-07,54.00,54.87,53.79,54.48,164500,54.48
2012-08-06,54.00,54.00,53.50,53.88,66800,53.88
2012-08-03,53.27,53.98,53.25,53.82,92200,53.82
2012-08-02,52.76,53.09,51.98,52.78,130200,52.78
2012-08-01,53.75,53.81,52.55,52.83,122700,52.83
2012-07-31,53.69,53.90,53.28,53.33,70300,53.33
2012-07-30,53.67,53.97,53.21,53.69,66000,53.69
2012-07-27,52.95,53.74,52.95,53.64,40100,53.64
2012-07-26,52.85,52.96,52.11,52.91,91400,52.91
2012-07-25,51.52,52.68,50.19,52.33,110900,52.33
2012-07-24,51.48,51.48,50.76,51.20,140900,51.20
2012-07-23,50.92,51.71,50.92,51.34,44200,51.34
2012-07-20,52.13,52.13,51.29,51.59,68100,51.59
2012-07-19,52.64,52.73,52.33,52.48,51500,52.48
2012-07-18,52.22,52.94,51.85,52.59,61500,52.59
2012-07-17,52.17,53.35,51.75,52.38,212900,52.38
2012-07-16,52.52,52.79,50.77,51.66,111700,51.66
2012-07-13,51.97,52.98,51.97,52.47,66000,52.47
2012-07-12,52.23,52.46,51.69,51.85,106500,51.85
2012-07-11,52.46,52.77,52.04,52.41,45800,52.41
2012-07-10,53.50,53.68,52.48,52.52,39700,52.52
2012-07-09,53.18,53.41,52.78,53.16,87900,53.16
2012-07-06,52.82,53.23,52.39,53.13,42700,53.13
2012-07-05,53.04,53.37,52.67,53.16,49500,53.16
2012-07-03,53.40,53.45,53.03,53.24,56600,53.24
2012-07-02,52.01,53.28,52.01,53.19,134500,53.19
2012-06-29,53.91,53.91,53.02,53.38,97500,53.38
2012-06-28,53.89,54.00,53.05,53.31,77500,53.31
2012-06-27,53.95,54.11,53.63,54.08,64400,54.08
2012-06-26,53.60,53.87,53.41,53.77,58700,53.77
2012-06-25,52.35,53.86,51.95,53.37,113400,53.37
2012-06-22,51.20,52.52,51.20,52.50,435000,52.50
2012-06-21,52.63,52.92,51.24,51.36,51800,51.36
2012-06-20,52.80,53.36,52.48,52.50,35300,52.50
2012-06-19,51.87,53.08,51.82,53.05,282700,53.05
2012-06-18,51.56,52.06,51.10,51.90,61700,51.90
2012-06-15,51.22,51.84,51.22,51.65,104900,51.65
2012-06-14,51.25,51.88,51.12,51.42,46700,51.42
2012-06-13,50.72,51.51,50.72,51.08,40600,51.08
2012-06-12,50.37,50.86,50.00,50.85,88600,50.85
2012-06-11,51.35,51.47,50.09,50.10,103300,50.10
2012-06-08,51.65,52.28,51.23,51.31,57600,51.31
2012-06-07,52.36,52.94,51.65,51.82,50700,51.82
2012-06-06,50.60,51.92,50.41,51.88,50300,51.88
2012-06-05,49.72,50.59,49.72,50.54,42300,50.54
2012-06-04,50.66,51.08,49.76,49.97,72100,49.97
2012-06-01,50.57,51.26,50.57,50.66,46500,50.66
2012-05-31,51.52,51.83,50.23,51.45,60200,51.45
2012-05-30,51.82,52.45,51.57,51.58,27100,51.58
2012-05-29,52.09,52.40,51.74,52.24,44500,52.24
2012-05-25,51.67,52.38,51.67,52.01,43300,52.01
2012-05-24,51.25,51.83,51.02,51.79,192900,51.79
2012-05-23,51.32,51.87,50.87,51.38,42000,51.38
2012-05-22,52.40,52.70,51.20,51.67,86000,51.67
2012-05-21,52.85,52.90,52.00,52.39,94600,52.39
2012-05-18,52.90,53.29,51.76,52.50,178200,52.50
2012-05-17,53.26,53.57,52.97,53.05,53200,53.05
2012-05-16,53.68,53.91,53.13,53.34,45500,53.34
2012-05-15,53.51,53.98,53.41,53.65,44000,53.65
2012-05-14,53.17,53.89,53.00,53.61,55800,53.61
2012-05-11,53.50,53.96,52.12,53.81,84900,53.81
2012-05-10,53.00,53.93,52.91,53.93,239000,53.93
2012-05-09,52.30,53.00,52.29,52.89,137000,52.89
2012-05-08,52.19,52.85,52.07,52.84,60000,52.84
2012-05-07,51.70,52.59,51.37,52.54,46000,52.54
2012-05-04,52.28,52.34,51.72,51.93,56700,51.93
2012-05-03,52.58,52.79,52.33,52.47,54000,52.47
2012-05-02,51.86,52.78,51.54,52.76,57000,52.76
2012-05-01,52.44,52.81,51.99,52.27,70000,52.27
2012-04-30,52.84,52.98,52.22,52.49,71000,52.49
2012-04-27,51.54,52.83,51.54,52.78,70100,52.78
2012-04-26,50.91,51.65,50.84,51.65,77300,51.65
2012-04-25,50.25,51.48,50.09,51.04,118400,51.04
2012-04-24,48.74,50.04,48.74,49.94,120800,49.94
2012-04-23,48.96,49.49,48.19,48.53,104700,48.53
2012-04-20,50.00,50.00,49.27,49.50,109700,49.50
2012-04-19,49.40,49.70,48.95,49.52,98900,49.52
2012-04-18,49.09,49.44,49.00,49.41,78500,49.41
2012-04-17,50.00,50.00,48.53,49.20,233500,49.20
2012-04-16,49.09,49.25,48.30,49.02,93200,49.02
2012-04-13,49.35,49.87,48.70,48.80,57900,48.80
2012-04-12,48.65,49.78,48.00,49.71,94800,49.71
2012-04-11,48.08,48.39,47.76,48.25,73000,48.25
2012-04-10,48.81,48.81,47.50,47.56,110800,47.56
2012-04-09,49.37,49.48,48.57,48.76,76800,48.76
2012-04-05,49.65,50.14,49.62,50.02,54000,50.02
2012-04-04,49.52,49.90,49.43,49.83,82000,49.83
2012-04-03,50.43,50.43,49.58,49.84,44000,49.84
2012-04-02,48.97,50.25,48.97,50.25,90600,50.25
2012-03-30,49.74,49.84,49.16,49.16,84300,49.16
2012-03-29,49.30,49.58,49.16,49.50,43200,49.50
2012-03-28,49.31,49.64,49.12,49.57,80800,49.57
2012-03-27,49.27,49.34,48.97,49.26,89500,49.26
2012-03-26,48.48,49.10,48.43,49.05,73200,49.05
2012-03-23,48.17,48.33,47.69,47.96,77800,47.96
2012-03-22,47.82,48.35,46.77,48.14,30000,48.14
2012-03-21,48.41,48.83,48.02,48.10,32500,48.10
2012-03-20,48.56,48.81,48.22,48.35,34600,48.35
2012-03-19,48.15,49.15,48.15,48.87,103600,48.87
2012-03-16,47.45,48.26,47.15,48.20,164200,48.20
2012-03-15,46.73,47.50,46.41,47.49,84300,47.49
2012-03-14,47.12,47.17,46.60,46.92,77800,46.92
2012-03-13,46.34,47.09,45.40,47.01,91700,47.01
2012-03-12,46.74,46.86,45.84,46.09,48200,46.09
2012-03-09,46.65,47.70,46.46,46.81,70500,46.81
2012-03-08,46.18,46.84,45.70,46.55,91200,46.55
2012-03-07,45.80,46.05,45.47,45.97,59300,45.97
2012-03-06,45.27,45.77,45.27,45.69,110500,45.69
2012-03-05,45.30,45.83,45.01,45.52,39500,45.52
2012-03-02,46.18,46.18,45.33,45.55,111300,45.55
2012-03-01,46.12,46.48,46.01,46.25,90800,46.25
2012-02-29,45.62,46.15,45.42,45.88,116400,45.88
2012-02-28,45.57,45.65,45.07,45.43,58900,45.43
2012-02-27,45.67,45.74,45.12,45.65,82200,45.65
2012-02-24,46.19,46.21,45.52,45.73,78800,45.73
2012-02-23,45.79,46.59,45.32,46.28,79900,46.28
2012-02-22,46.72,46.73,45.63,45.63,90600,45.63
2012-02-21,46.88,47.23,46.40,46.91,54900,46.91
2012-02-17,46.51,46.77,46.37,46.68,44500,46.68
2012-02-16,45.85,46.54,44.91,46.54,41400,46.54
2012-02-15,46.17,46.36,45.54,45.99,46300,45.99
2012-02-14,46.54,46.80,45.84,46.15,44100,46.15
2012-02-13,46.70,46.98,46.18,46.83,42500,46.83
2012-02-10,46.01,46.38,45.86,46.12,40200,46.12
2012-02-09,46.63,46.81,46.12,46.29,57900,46.29
2012-02-08,46.35,46.80,46.04,46.50,44000,46.50
2012-02-07,46.67,46.89,46.31,46.40,77400,46.40
2012-02-06,46.64,47.20,46.57,46.81,48600,46.81
2012-02-03,47.10,47.10,46.50,47.00,82400,47.00
2012-02-02,46.73,46.73,46.20,46.51,63000,46.51
2012-02-01,46.40,46.86,46.01,46.53,185900,46.53
2012-01-31,44.00,46.79,43.51,46.47,193700,46.47
2012-01-30,45.96,46.45,45.71,45.83,50700,45.83
2012-01-27,44.75,46.50,44.75,46.50,74100,46.50
2012-01-26,44.50,45.08,44.46,44.99,107800,44.99
2012-01-25,44.55,44.61,44.32,44.41,104900,44.41
2012-01-24,44.45,44.64,44.34,44.55,92700,44.55
2012-01-23,44.56,44.68,44.30,44.56,35900,44.56
2012-01-20,44.60,44.96,44.40,44.54,47200,44.54
2012-01-19,44.76,44.93,44.36,44.54,46800,44.54
2012-01-18,44.55,44.61,44.33,44.50,57500,44.50
2012-01-17,44.76,44.80,44.03,44.47,55700,44.47
2012-01-13,44.29,44.69,44.29,44.53,49100,44.53
2012-01-12,44.96,44.96,44.55,44.75,28000,44.75
2012-01-11,44.73,45.10,44.53,44.71,77900,44.71
2012-01-10,45.26,45.26,44.67,44.92,51800,44.92
2012-01-09,45.21,45.21,44.40,44.90,45500,44.90
2012-01-06,45.03,45.29,44.67,44.95,47400,44.95
2012-01-05,44.41,45.29,44.07,45.11,38200,45.11
2012-01-04,44.37,45.18,44.37,44.43,39700,44.43
2012-01-03,45.25,45.67,44.48,44.67,62300,44.67
2011-12-30,45.44,45.75,45.00,45.00,48000,45.00
2011-12-29,44.72,45.60,43.01,45.53,35900,45.53
2011-12-28,45.35,45.41,44.64,44.76,33100,44.76
2011-12-27,44.82,45.46,44.78,45.30,50900,45.30
2011-12-23,44.96,45.18,44.76,45.09,23000,45.09
2011-12-22,44.90,45.50,44.90,45.05,38900,45.05
2011-12-21,44.59,44.95,44.15,44.95,52200,44.95
2011-12-20,44.49,44.80,44.36,44.50,68200,44.50
2011-12-19,44.50,44.93,43.62,43.80,40500,43.80
2011-12-16,44.16,44.49,43.47,44.36,139600,44.36
2011-12-15,43.29,44.00,43.22,43.85,32100,43.85
2011-12-14,42.86,43.45,42.54,42.69,44900,42.69
2011-12-13,43.77,44.19,43.04,43.24,35300,43.24
2011-12-12,43.77,43.78,43.15,43.72,36100,43.72
2011-12-09,43.26,44.42,43.18,44.25,44400,44.25
2011-12-08,43.73,43.74,42.99,43.02,33600,43.02
2011-12-07,44.06,44.07,43.35,44.00,41400,44.00
2011-12-06,43.41,44.50,43.21,44.23,48300,44.23
2011-12-05,43.72,44.62,43.01,43.91,47000,43.91
2011-12-02,44.53,44.88,43.24,43.41,34200,43.41
2011-12-01,43.79,44.42,43.79,44.00,78700,44.00
2011-11-30,42.88,44.01,42.80,44.01,103600,44.01
2011-11-29,41.12,41.68,40.80,41.54,48000,41.54
2011-11-28,41.03,41.43,40.60,41.02,58400,41.02
2011-11-25,40.69,40.83,39.90,39.90,24600,39.90
2011-11-23,41.66,41.66,40.74,40.75,72000,40.75
2011-11-22,42.27,42.38,41.76,41.81,44300,41.81
2011-11-21,42.61,43.02,42.23,42.25,32700,42.25
2011-11-18,43.10,43.42,43.00,43.19,78600,43.19
2011-11-17,42.82,43.19,42.59,43.09,71500,43.09
2011-11-16,42.34,43.22,42.31,42.92,122400,42.92
2011-11-15,41.98,43.00,41.79,42.81,68700,42.81
2011-11-14,42.30,42.30,41.46,42.10,83500,42.10
2011-11-11,41.49,42.26,41.26,42.09,32500,42.09
2011-11-10,41.20,41.53,40.77,41.06,27800,41.06
2011-11-09,41.31,41.92,40.71,40.73,55900,40.73
2011-11-08,41.77,42.40,41.03,42.16,65200,42.16
2011-11-07,40.71,42.12,40.26,41.61,129200,41.61
2011-11-04,39.78,40.18,39.72,40.00,67500,40.00
2011-11-03,39.71,40.42,39.28,40.06,80700,40.06
2011-11-02,38.92,39.51,38.63,39.32,90400,39.32
2011-11-01,38.07,39.08,38.07,38.67,107700,38.67
2011-10-31,39.18,39.94,39.03,39.31,96900,39.31
2011-10-28,40.20,40.73,39.88,39.90,63900,39.90
2011-10-27,40.01,40.54,39.49,40.26,142800,40.26
2011-10-26,39.55,39.66,38.70,39.40,87200,39.40
2011-10-25,39.66,39.94,38.89,39.06,96300,39.06
2011-10-24,40.00,40.52,39.68,39.86,115200,39.86
2011-10-21,40.19,40.41,39.38,39.94,136500,39.94
2011-10-20,39.54,39.95,39.21,39.80,148800,39.80
2011-10-19,39.05,39.96,39.01,39.38,117500,39.38
2011-10-18,38.50,39.29,38.36,38.95,111500,38.95
2011-10-17,39.17,39.19,37.71,37.78,50900,37.78
2011-10-14,39.74,39.95,39.30,39.52,37700,39.52
2011-10-13,39.71,39.93,39.24,39.40,57500,39.40
2011-10-12,39.32,40.00,39.32,39.77,61000,39.77
2011-10-11,38.49,39.25,38.45,39.12,40400,39.12
2011-10-10,38.35,38.70,37.97,38.68,41200,38.68
2011-10-07,38.41,38.58,37.64,37.76,62000,37.76
2011-10-06,37.73,38.30,37.43,38.23,49000,38.23
2011-10-05,38.25,38.25,37.53,37.94,37400,37.94
2011-10-04,35.92,38.39,35.58,38.37,121400,38.37
2011-10-03,36.75,37.22,35.98,35.99,97900,35.99
2011-09-30,37.13,37.76,36.43,36.80,62800,36.80
2011-09-29,37.43,37.79,36.75,37.55,37200,37.55
2011-09-28,37.87,38.09,36.70,36.75,51200,36.75
2011-09-27,38.03,38.55,37.51,37.93,49200,37.93
2011-09-26,36.91,37.40,36.39,37.39,37900,37.39
2011-09-23,36.50,37.03,36.08,36.81,47000,36.81
2011-09-22,36.07,36.77,35.88,36.41,74800,36.41
2011-09-21,38.32,38.38,36.63,36.67,42300,36.67
2011-09-20,39.05,39.60,38.35,38.38,38800,38.38
2011-09-19,39.19,39.37,38.63,38.91,29600,38.91
2011-09-16,39.67,39.98,39.47,39.79,69300,39.79
2011-09-15,39.50,39.64,38.74,39.39,52000,39.39
2011-09-14,39.20,39.53,38.53,39.19,43400,39.19
2011-09-13,38.70,39.01,38.48,38.78,80400,38.78
2011-09-12,38.28,38.63,36.96,38.56,49900,38.56
2011-09-09,39.02,39.02,38.05,38.53,73500,38.53
2011-09-08,39.72,40.13,39.22,39.24,43500,39.24
2011-09-07,40.02,40.04,39.54,39.87,76000,39.87
2011-09-06,38.76,39.61,38.41,39.52,67200,39.52
2011-09-02,39.81,40.47,39.33,39.48,51300,39.48
2011-09-01,41.13,41.86,40.26,40.53,56100,40.53
2011-08-31,40.72,41.76,40.72,41.20,120200,41.20
2011-08-30,40.05,40.81,39.77,40.48,76300,40.48
2011-08-29,40.07,40.38,39.84,40.36,59100,40.36
2011-08-26,38.83,39.98,38.41,39.75,31100,39.75
2011-08-25,40.00,40.45,38.83,39.01,43400,39.01
2011-08-24,39.12,39.94,38.78,39.78,55400,39.78
2011-08-23,38.46,39.13,38.02,39.01,184300,39.01
2011-08-22,39.13,39.13,38.28,38.47,69200,38.47
2011-08-19,37.59,38.82,37.49,38.28,65300,38.28
2011-08-18,38.50,38.72,37.98,38.07,94300,38.07
2011-08-17,39.59,40.05,39.09,39.47,43400,39.47
2011-08-16,39.70,40.02,39.28,39.49,98600,39.49
2011-08-15,40.54,41.05,39.90,40.00,131100,40.00
2011-08-12,39.67,40.24,38.54,40.05,115800,40.05
2011-08-11,38.00,39.77,37.90,39.19,69100,39.19
2011-08-10,39.00,39.52,37.83,37.95,87200,37.95
2011-08-09,38.02,40.00,37.20,39.89,150100,39.89
2011-08-08,40.05,40.87,37.44,37.45,137600,37.45
2011-08-05,41.91,41.95,40.68,40.80,131100,40.80
2011-08-04,42.45,42.65,41.59,41.60,217800,41.60
2011-08-03,42.49,42.64,41.52,42.61,105000,42.61
2011-08-02,42.38,42.95,42.11,42.40,124500,42.40
2011-08-01,43.03,43.03,42.16,42.49,134300,42.49
2011-07-29,41.98,42.68,41.62,42.48,68600,42.48
2011-07-28,41.69,42.47,41.58,42.38,133700,42.38
2011-07-27,41.60,42.07,41.09,41.50,101500,41.50
2011-07-26,42.47,42.47,41.23,41.81,134600,41.81
2011-07-25,42.77,42.87,42.02,42.35,109800,42.35
2011-07-22,44.29,44.29,42.47,43.00,118100,43.00
2011-07-21,43.85,44.45,43.76,44.07,105400,44.07
2011-07-20,42.76,43.94,42.32,43.62,150000,43.62
2011-07-19,45.35,45.35,42.00,42.82,353000,42.82
2011-07-18,45.46,45.76,44.80,45.15,88500,45.15
2011-07-15,45.96,45.98,45.17,45.41,137500,45.41
2011-07-14,45.42,45.99,45.37,45.79,226700,45.79
2011-07-13,45.12,45.30,44.98,45.17,56600,45.17
2011-07-12,44.27,45.25,44.27,45.02,50100,45.02
2011-07-11,44.06,44.55,43.84,44.50,128400,44.50
2011-07-08,44.36,44.97,43.47,44.54,86900,44.54
2011-07-07,44.84,45.19,44.53,45.01,151800,45.01
2011-07-06,44.33,44.97,44.33,44.57,49500,44.57
2011-07-05,44.54,44.64,43.89,44.33,74900,44.33
2011-07-01,43.70,44.49,43.63,44.40,46700,44.40
2011-06-30,43.04,43.93,43.04,43.70,60000,43.70
2011-06-29,42.94,43.66,42.58,43.02,62400,43.02
2011-06-28,42.62,42.95,42.34,42.92,44700,42.92
2011-06-27,42.19,42.76,42.18,42.62,25600,42.62
2011-06-24,42.63,42.80,41.94,42.06,139200,42.06
2011-06-23,42.01,42.65,41.80,42.57,60000,42.57
2011-06-22,42.26,42.81,42.26,42.41,27800,42.41
2011-06-21,42.19,42.61,42.01,42.56,67000,42.56
2011-06-20,41.55,41.93,41.31,41.80,66300,41.80
2011-06-17,41.84,42.08,41.31,41.51,80700,41.51
2011-06-16,41.54,42.11,41.25,41.69,37700,41.69
2011-06-15,41.75,41.99,41.24,41.40,76500,41.40
2011-06-14,41.84,42.27,41.59,41.92,171700,41.92
2011-06-13,41.70,42.35,41.64,41.70,39200,41.70
2011-06-10,42.06,42.17,41.74,41.84,41800,41.84
2011-06-09,42.02,42.58,41.80,42.31,45700,42.31
2011-06-08,41.75,42.13,41.60,41.82,133800,41.82
2011-06-07,41.45,42.38,41.25,41.95,113800,41.95
2011-06-06,41.90,41.90,41.11,41.23,68300,41.23
2011-06-03,42.10,42.46,41.78,41.82,66000,41.82
2011-06-02,42.73,42.78,42.42,42.56,45400,42.56
2011-06-01,43.23,43.40,42.59,42.67,106000,42.67
2011-05-31,42.80,43.45,41.85,43.36,98500,43.36
2011-05-27,42.67,42.67,42.20,42.43,45500,42.43
2011-05-26,42.33,42.64,41.98,42.49,33500,42.49
2011-05-25,42.05,42.53,42.05,42.50,46700,42.50
2011-05-24,42.68,42.68,41.87,42.06,50100,42.06
2011-05-23,42.62,43.00,41.85,42.50,72600,42.50
2011-05-20,42.86,43.64,42.03,43.19,86900,43.19
2011-05-19,42.78,43.27,42.20,43.13,48900,43.13
2011-05-18,42.25,42.66,42.04,42.45,123900,42.45
2011-05-17,42.67,42.80,42.30,42.43,37300,42.43
2011-05-16,43.50,43.60,42.77,42.97,67900,42.97
2011-05-13,44.50,44.67,43.20,43.64,49000,43.64
2011-05-12,44.00,44.78,43.71,44.57,42100,44.57
2011-05-11,44.46,44.64,43.96,44.28,30800,44.28
2011-05-10,44.49,45.00,44.30,44.65,46800,44.65
2011-05-09,43.90,44.50,43.65,44.40,25000,44.40
2011-05-06,43.99,44.77,43.69,44.03,72000,44.03
2011-05-05,43.55,44.42,42.77,43.80,58300,43.80
2011-05-04,44.54,44.54,43.25,43.73,42000,43.73
2011-05-03,44.63,44.93,44.14,44.56,39000,44.56
2011-05-02,45.13,45.13,44.43,44.72,47000,44.72
2011-04-29,45.04,45.23,45.00,45.11,36000,45.11
2011-04-28,45.06,45.23,44.84,45.03,38000,45.03
2011-04-27,45.15,45.29,44.86,45.00,27000,45.00
2011-04-26,44.77,45.37,44.77,45.21,123900,45.21
2011-04-25,45.05,45.08,44.48,44.65,53900,44.65
2011-04-21,44.99,45.06,44.63,45.03,79200,45.03
2011-04-20,45.27,45.27,44.43,44.82,98500,44.82
2011-04-19,44.57,45.50,44.20,44.82,329000,44.82
2011-04-18,44.23,45.37,42.60,43.24,161500,43.24
2011-04-15,44.74,44.80,44.25,44.66,76900,44.66
2011-04-14,44.33,44.96,44.33,44.79,58700,44.79
2011-04-13,44.83,44.96,44.14,44.79,48600,44.79
2011-04-12,44.95,44.95,44.50,44.62,39900,44.62
2011-04-11,44.74,44.79,44.37,44.75,34800,44.75
2011-04-08,45.00,45.01,44.70,44.73,39700,44.73
2011-04-07,44.94,44.94,44.67,44.89,43700,44.89
2011-04-06,44.61,45.26,44.61,44.74,131500,44.74
2011-04-05,44.70,44.70,43.94,44.36,65700,44.36
2011-04-04,43.84,44.96,43.80,44.77,109800,44.77
2011-04-01,43.81,44.60,43.71,43.99,80300,43.99
2011-03-31,43.17,43.84,43.17,43.78,58200,43.78
2011-03-30,42.85,43.22,42.79,43.04,63200,43.04
2011-03-29,42.37,43.11,42.37,42.62,45700,42.62
2011-03-28,43.44,43.44,42.22,42.33,50500,42.33
2011-03-25,42.11,42.61,41.75,42.15,30000,42.15
2011-03-24,42.03,42.50,41.63,41.84,80500,41.84
2011-03-23,42.00,42.00,41.66,41.74,24400,41.74
2011-03-22,42.37,42.48,41.88,42.14,25000,42.14
2011-03-21,41.85,42.53,41.76,42.26,26900,42.26
2011-03-18,40.73,41.53,40.67,41.51,52100,41.51
2011-03-17,41.22,41.22,40.47,40.47,27000,40.47
2011-03-16,40.85,41.20,40.36,40.50,43000,40.50
2011-03-15,40.86,41.68,40.68,40.95,33800,40.95
2011-03-14,41.16,41.92,41.08,41.74,29300,41.74
2011-03-11,41.45,41.92,40.91,41.58,37600,41.58
2011-03-10,42.89,42.89,41.53,41.68,59900,41.68
2011-03-09,43.31,43.82,42.96,43.27,208000,43.27
2011-03-08,43.19,43.61,42.98,43.31,74000,43.31
2011-03-07,42.99,43.35,42.53,42.88,59600,42.88
2011-03-04,43.11,43.12,42.46,43.03,46100,43.03
2011-03-03,42.49,43.16,42.23,43.00,62900,43.00
2011-03-02,42.01,42.37,41.87,42.08,59700,42.08
2011-03-01,42.11,42.57,41.66,41.95,173800,41.95
2011-02-28,42.05,42.37,41.48,41.99,110100,41.99
2011-02-25,40.96,42.11,40.73,42.09,53700,42.09
2011-02-24,39.43,41.02,39.43,40.91,70600,40.91
2011-02-23,41.88,42.31,40.26,40.32,73700,40.32
2011-02-22,41.98,42.68,41.65,41.97,79300,41.97
2011-02-18,42.15,42.57,41.67,42.51,76000,42.51
2011-02-17,41.44,42.20,40.87,41.91,71100,41.91
2011-02-16,41.74,41.74,41.16,41.64,41600,41.64
2011-02-15,42.03,42.20,41.71,41.71,52900,41.71
2011-02-14,42.00,42.40,41.85,42.21,37200,42.21
2011-02-11,41.51,42.22,41.13,42.16,87300,42.16
2011-02-10,41.67,41.93,41.36,41.71,38100,41.71
2011-02-09,42.00,42.36,41.71,42.01,50900,42.01
2011-02-08,42.31,42.46,41.89,42.25,38200,42.25
2011-02-07,42.00,42.75,41.96,42.53,53900,42.53
2011-02-04,42.24,42.48,41.73,41.96,66000,41.96
2011-02-03,42.95,43.20,42.25,42.34,66100,42.34
2011-02-02,43.11,43.70,42.51,43.12,78400,43.12
2011-02-01,43.52,43.96,40.54,43.05,400200,43.05
2011-01-31,39.35,39.35,38.59,39.06,109000,39.06
2011-01-28,39.82,39.82,39.07,39.15,67600,39.15
2011-01-27,39.25,40.14,38.98,39.99,93600,39.99
2011-01-26,37.61,39.26,37.45,39.20,141300,39.20
2011-01-25,37.21,37.71,37.11,37.48,95400,37.48
2011-01-24,36.76,37.30,36.76,37.27,83600,37.27
2011-01-21,37.10,37.10,36.60,36.83,73100,36.83
2011-01-20,36.39,37.41,36.39,37.06,74800,37.06
2011-01-19,36.59,36.67,36.38,36.60,47900,36.60
2011-01-18,35.83,36.69,35.80,36.67,36700,36.67
2011-01-14,35.83,35.94,35.57,35.92,40200,35.92
2011-01-13,36.13,36.44,35.77,35.82,40000,35.82
2011-01-12,36.65,36.65,36.19,36.36,31300,36.36
2011-01-11,36.36,36.60,36.32,36.44,25200,36.44
2011-01-10,35.90,36.68,35.88,36.34,38200,36.34
2011-01-07,36.02,36.48,35.78,36.18,45100,36.18
2011-01-06,36.00,36.20,35.90,36.10,108700,36.10
2011-01-05,35.60,36.16,35.60,36.11,46100,36.11
2011-01-04,36.58,36.59,35.38,35.57,76500,35.57
2011-01-03,36.85,36.93,36.22,36.42,73800,36.42
2010-12-31,36.50,37.17,36.50,36.50,240200,36.50
2010-12-30,36.52,36.84,36.52,36.56,158300,36.56
2010-12-29,36.78,36.93,36.58,36.62,25900,36.62
2010-12-28,36.87,36.96,36.51,36.75,37900,36.75
2010-12-27,36.48,37.07,36.48,36.90,58700,36.90
2010-12-23,36.92,37.03,36.66,36.83,39900,36.83
2010-12-22,36.96,37.04,36.74,36.82,70200,36.82
2010-12-21,36.43,37.19,36.29,37.00,80200,37.00
2010-12-20,36.25,36.75,36.20,36.32,44400,36.32
2010-12-17,36.80,36.93,36.40,36.75,210400,36.75
2010-12-16,36.88,37.00,36.70,36.90,99300,36.90
2010-12-15,36.79,37.18,36.74,36.84,70400,36.84
2010-12-14,36.53,36.91,35.45,36.86,93600,36.86
2010-12-13,36.81,36.90,36.20,36.34,132600,36.34
2010-12-10,36.65,36.87,36.56,36.73,161200,36.73
2010-12-09,37.09,37.10,36.78,36.80,78200,36.80
2010-12-08,37.26,37.30,36.84,36.91,80200,36.91
2010-12-07,37.41,37.50,37.08,37.22,35600,37.22
2010-12-06,37.17,37.37,36.98,37.14,36600,37.14
2010-12-03,37.02,37.44,36.95,37.30,76200,37.30
2010-12-02,37.15,37.27,36.92,37.18,45500,37.18
2010-12-01,37.22,37.49,36.81,37.20,55400,37.20
2010-11-30,36.98,37.00,36.28,36.65,112500,36.65
2010-11-29,36.75,37.40,36.26,37.25,55400,37.25
2010-11-26,36.95,37.17,36.50,36.93,16500,36.93
2010-11-24,36.48,37.09,36.13,36.95,57400,36.95
2010-11-23,36.04,36.20,35.75,36.13,30000,36.13
2010-11-22,36.08,36.50,35.70,36.37,31500,36.37
2010-11-19,35.72,36.48,35.27,36.15,93100,36.15
2010-11-18,35.60,35.90,35.38,35.65,47600,35.65
2010-11-17,35.64,36.47,35.22,35.35,39700,35.35
2010-11-16,36.36,36.51,35.26,35.60,41000,35.60
2010-11-15,36.68,37.13,36.42,36.67,25900,36.67
2010-11-12,36.02,36.75,36.02,36.47,27300,36.47
2010-11-11,36.51,36.84,36.32,36.34,84100,36.34
2010-11-10,36.84,36.99,36.49,36.74,51800,36.74
2010-11-09,36.75,37.07,36.52,36.67,28200,36.67
2010-11-08,37.00,37.00,36.65,36.95,22300,36.95
2010-11-05,36.82,37.08,36.76,36.98,27100,36.98
2010-11-04,36.80,37.06,36.56,36.70,60800,36.70
2010-11-03,37.47,37.47,36.49,36.75,31200,36.75
2010-11-02,37.06,37.32,36.93,37.14,52300,37.14
2010-11-01,36.55,36.80,36.31,36.66,56700,36.66
2010-10-29,36.48,36.76,36.44,36.50,89700,36.50
2010-10-28,37.32,37.32,36.53,36.68,100100,36.68
2010-10-27,37.21,37.54,36.87,37.02,68400,37.02
2010-10-26,37.14,37.68,37.10,37.39,158500,37.39
2010-10-25,37.61,37.81,37.33,37.39,44200,37.39
2010-10-22,37.79,37.82,37.17,37.40,76000,37.40
2010-10-21,36.71,38.15,36.55,37.74,170800,37.74
2010-10-20,36.50,36.70,36.11,36.59,207600,36.59
2010-10-19,39.19,39.20,36.48,36.56,316400,36.56
2010-10-18,37.54,38.18,37.28,38.15,53600,38.15
2010-10-15,37.90,37.93,37.35,37.37,60700,37.37
2010-10-14,37.46,37.89,37.43,37.84,29300,37.84
2010-10-13,37.06,37.55,36.88,37.42,25300,37.42
2010-10-12,37.13,37.13,36.66,36.89,21500,36.89
2010-10-11,37.28,37.41,37.10,37.10,22200,37.10
2010-10-08,36.98,37.55,36.88,37.33,34500,37.33
2010-10-07,37.04,37.45,36.75,37.01,38900,37.01
2010-10-06,37.43,37.43,36.77,36.98,64800,36.98
2010-10-05,36.97,37.96,36.82,37.60,75100,37.60
2010-10-04,37.00,37.15,36.26,36.60,41800,36.60
2010-10-01,37.55,37.55,36.82,37.08,34600,37.08
2010-09-30,37.57,38.30,37.07,37.29,61700,37.29
2010-09-29,37.52,37.66,36.99,37.31,55000,37.31
2010-09-28,37.00,37.75,35.03,37.70,68800,37.70
2010-09-27,36.79,37.11,36.67,36.98,86300,36.98
2010-09-24,36.39,36.90,36.39,36.84,73500,36.84
2010-09-23,35.97,36.28,35.93,36.02,49600,36.02
2010-09-22,36.31,36.79,35.80,36.22,26000,36.22
2010-09-21,36.61,36.74,36.26,36.28,51400,36.28
2010-09-20,36.37,36.75,35.94,36.74,66300,36.74
2010-09-17,36.53,36.53,35.89,36.22,54500,36.22
2010-09-16,36.40,36.43,35.52,36.18,52500,36.18
2010-09-15,35.96,36.67,35.96,36.54,86000,36.54
2010-09-14,35.92,36.17,35.03,36.00,60800,36.00
2010-09-13,35.99,36.18,35.71,35.95,67000,35.95
2010-09-10,35.83,36.06,35.83,35.84,136800,35.84
2010-09-09,36.29,36.29,35.19,35.83,73500,35.83
2010-09-08,36.17,36.28,35.93,36.15,34300,36.15
2010-09-07,36.56,36.60,36.00,36.07,45300,36.07
2010-09-03,36.89,36.90,36.13,36.75,117500,36.75
2010-09-02,36.15,36.78,36.05,36.67,52500,36.67
2010-09-01,36.03,36.17,35.71,36.01,119800,36.01
2010-08-31,36.08,36.51,35.42,35.61,154800,35.61
2010-08-30,37.20,37.20,36.16,36.20,247200,36.20
2010-08-27,36.82,36.90,36.41,36.75,87300,36.75
2010-08-26,37.00,37.05,36.41,36.47,182600,36.47
2010-08-25,36.00,37.01,35.81,36.99,124200,36.99
2010-08-24,36.02,36.38,35.53,36.25,73500,36.25
2010-08-23,36.72,36.86,36.20,36.23,79000,36.23
2010-08-20,36.07,36.58,35.59,36.54,87700,36.54
2010-08-19,35.96,36.48,35.18,36.25,168200,36.25
2010-08-18,35.82,36.39,35.34,36.00,84400,36.00
2010-08-17,35.23,35.95,35.02,35.80,71100,35.80
2010-08-16,34.55,34.97,34.18,34.92,60400,34.92
2010-08-13,34.41,34.63,34.13,34.49,126200,34.49
2010-08-12,33.75,34.78,33.69,34.58,131300,34.58
2010-08-11,36.03,36.29,34.01,34.05,189900,34.05
2010-08-10,36.37,36.81,36.25,36.54,80000,36.54
2010-08-09,36.32,36.78,36.23,36.72,63300,36.72
2010-08-06,36.62,36.62,35.72,36.03,89900,36.03
2010-08-05,37.30,37.50,37.02,37.02,52400,37.02
2010-08-04,37.02,37.54,36.90,37.47,225800,37.47
2010-08-03,36.97,37.39,36.51,37.02,153500,37.02
2010-08-02,37.65,37.65,36.89,37.10,235600,37.10
2010-07-30,36.88,37.57,36.75,37.21,46000,37.21
2010-07-29,37.44,37.59,37.06,37.26,89600,37.26
2010-07-28,38.05,38.19,37.14,37.24,109300,37.24
2010-07-27,38.38,39.00,38.19,38.26,274400,38.26
2010-07-26,37.50,38.49,37.37,38.39,160700,38.39
2010-07-23,37.00,37.72,36.80,37.59,79900,37.59
2010-07-22,37.49,37.62,37.00,37.13,166300,37.13
2010-07-21,37.75,38.43,36.77,37.00,121500,37.00
2010-07-20,36.97,37.94,35.71,37.88,422900,37.88
2010-07-19,33.02,34.41,33.02,34.37,122800,34.37
2010-07-16,34.37,34.37,32.96,32.99,90600,32.99
2010-07-15,34.85,34.94,34.43,34.61,64700,34.61
2010-07-14,34.19,34.93,33.83,34.93,68000,34.93
2010-07-13,33.22,34.65,33.22,34.35,83000,34.35
2010-07-12,33.03,33.78,32.98,33.01,48100,33.01
2010-07-09,32.77,33.27,32.66,33.19,71900,33.19
2010-07-08,32.14,33.17,32.14,32.79,101100,32.79
2010-07-07,31.17,32.11,30.67,31.99,66400,31.99
2010-07-06,32.08,32.22,30.94,31.06,32700,31.06
2010-07-02,31.71,32.22,30.59,31.90,87600,31.90
2010-07-01,32.31,32.37,31.36,31.50,73400,31.50
2010-06-30,32.66,33.11,32.10,32.17,80600,32.17
2010-06-29,32.33,32.61,32.06,32.58,72700,32.58
2010-06-28,32.99,33.24,32.61,32.71,50800,32.71
2010-06-25,32.38,32.94,31.95,32.94,484300,32.94
2010-06-24,32.48,32.77,32.21,32.33,29700,32.33
2010-06-23,32.82,33.06,32.59,32.69,35500,32.69
2010-06-22,33.45,33.72,32.84,32.86,68600,32.86
2010-06-21,32.95,34.33,32.95,33.29,80900,33.29
2010-06-18,32.95,33.09,32.32,32.81,191200,32.81
2010-06-17,32.74,32.91,32.30,32.75,34200,32.75
2010-06-16,32.34,32.67,32.13,32.61,50300,32.61
2010-06-15,32.15,32.63,31.99,32.58,42900,32.58
2010-06-14,31.78,32.44,31.78,31.98,64100,31.98
2010-06-11,30.91,31.77,30.91,31.77,57100,31.77
2010-06-10,31.00,31.26,30.78,31.19,58400,31.19
2010-06-09,31.09,31.09,30.55,30.73,65900,30.73
2010-06-08,31.17,31.17,30.72,30.85,95700,30.85
2010-06-07,31.49,31.49,31.00,31.01,56100,31.01
2010-06-04,32.05,32.05,31.28,31.35,64000,31.35
2010-06-03,31.90,32.92,31.90,32.53,77000,32.53
2010-06-02,30.96,31.91,30.92,31.69,105300,31.69
2010-06-01,31.59,31.79,30.94,31.03,114000,31.03
2010-05-28,33.44,33.44,31.74,31.82,64100,31.82
2010-05-27,32.40,32.50,31.73,32.01,100400,32.01
2010-05-26,31.97,32.97,31.91,31.95,172100,31.95
2010-05-25,31.50,32.04,31.21,31.69,123600,31.69
2010-05-24,32.16,32.21,31.60,31.86,96400,31.86
2010-05-21,32.53,32.53,31.66,32.15,120300,32.15
2010-05-20,32.49,33.19,31.99,32.73,159600,32.73
2010-05-19,33.00,33.15,32.77,32.94,166400,32.94
2010-05-18,33.22,33.46,33.03,33.12,147500,33.12
2010-05-17,31.44,33.62,31.40,32.90,384100,32.90
2010-05-14,34.15,34.30,33.25,33.51,114900,33.51
2010-05-13,34.12,34.35,34.09,34.30,111800,34.30
2010-05-12,34.25,34.31,34.08,34.25,145800,34.25
2010-05-11,34.23,34.42,34.00,34.25,118200,34.25
2010-05-10,34.48,34.84,33.76,34.48,62800,34.48
2010-05-07,34.91,35.04,33.55,33.69,136300,33.69
2010-05-06,35.06,35.91,33.73,35.08,83800,35.08
2010-05-05,35.02,35.48,34.94,35.27,57800,35.27
2010-05-04,35.20,35.64,34.76,35.28,99400,35.28
2010-05-03,35.59,35.89,35.10,35.56,63400,35.56
2010-04-30,35.66,35.91,35.55,35.61,91700,35.61
2010-04-29,35.32,35.80,35.13,35.78,59200,35.78
2010-04-28,34.74,35.37,34.61,35.19,68300,35.19
2010-04-27,34.77,35.09,34.72,34.72,61200,34.72
2010-04-26,34.80,35.12,34.60,34.91,119200,34.91
2010-04-23,34.33,34.81,34.15,34.80,143300,34.80
2010-04-22,33.60,34.28,33.14,34.22,146900,34.22
2010-04-21,33.41,33.55,33.02,33.52,246200,33.52
2010-04-20,33.34,33.58,32.95,33.49,709900,33.49
2010-04-19,35.50,35.50,34.98,35.00,119000,35.00
2010-04-16,35.97,35.99,35.29,35.47,139000,35.47
2010-04-15,36.00,36.08,35.53,35.55,66500,35.55
2010-04-14,35.18,36.25,35.18,36.00,115900,36.00
2010-04-13,34.88,35.29,34.82,35.19,146500,35.19
2010-04-12,34.70,35.14,34.65,35.07,70000,35.07
2010-04-09,34.64,34.84,34.54,34.77,112900,34.77
2010-04-08,35.11,35.18,34.62,34.75,57000,34.75
2010-04-07,34.99,35.34,34.88,35.06,138600,35.06
2010-04-06,34.60,35.01,34.60,34.97,71800,34.97
2010-04-05,34.56,34.65,34.34,34.60,123900,34.60
2010-04-01,34.45,34.58,34.32,34.50,185800,34.50
2010-03-31,34.67,34.75,34.40,34.45,112400,34.45
2010-03-30,34.85,34.97,34.53,34.84,117900,34.84
2010-03-29,35.11,35.16,34.76,34.89,38800,34.89
2010-03-26,35.27,35.32,34.92,34.96,68200,34.96
2010-03-25,35.59,35.64,35.15,35.20,39500,35.20
2010-03-24,36.15,36.15,35.44,35.50,44400,35.50
2010-03-23,36.30,36.38,35.41,36.14,57800,36.14
2010-03-22,35.92,36.76,35.88,36.35,29500,36.35
2010-03-19,36.22,36.28,35.64,36.02,135700,36.02
2010-03-18,35.80,36.28,35.67,36.05,29900,36.05
2010-03-17,35.49,36.00,35.49,35.84,41900,35.84
2010-03-16,35.44,35.62,35.11,35.55,37700,35.55
2010-03-15,35.29,35.68,35.09,35.39,45700,35.39
2010-03-12,35.05,35.30,34.80,35.30,133200,35.30
2010-03-11,35.33,35.46,35.10,35.20,81900,35.20
2010-03-10,35.10,35.97,34.75,35.55,113100,35.55
2010-03-09,34.83,35.08,34.83,35.08,141600,35.08
2010-03-08,35.11,35.18,34.89,34.95,87800,34.95
2010-03-05,35.00,35.30,35.00,35.19,182600,35.19
2010-03-04,35.03,35.46,34.95,34.98,112200,34.98
2010-03-03,35.25,35.49,35.04,35.08,88100,35.08
2010-03-02,34.93,35.54,34.86,35.11,99300,35.11
2010-03-01,34.50,34.90,34.47,34.80,173100,34.80
2010-02-26,34.78,34.78,34.29,34.37,142400,34.37
2010-02-25,35.26,35.26,34.43,34.73,76500,34.73
2010-02-24,35.15,35.59,35.15,35.39,26300,35.39
2010-02-23,34.85,35.36,34.85,35.32,71100,35.32
2010-02-22,34.73,35.09,34.47,34.96,31000,34.96
2010-02-19,35.30,35.42,34.77,34.80,77000,34.80
2010-02-18,34.01,35.35,33.59,35.30,252700,35.30
2010-02-17,34.45,34.50,33.98,34.13,89300,34.13
2010-02-16,34.40,34.53,34.13,34.50,112400,34.50
2010-02-12,33.81,34.52,33.81,34.50,61800,34.50
2010-02-11,33.94,34.46,33.90,34.05,162500,34.05
2010-02-10,34.58,34.85,34.01,34.11,161400,34.11
2010-02-09,33.51,34.78,33.41,34.56,258800,34.56
2010-02-08,33.12,33.65,33.12,33.35,157600,33.35
2010-02-05,32.37,33.06,32.10,33.04,247300,33.04
2010-02-04,32.40,32.53,31.88,32.31,244100,32.31
2010-02-03,32.40,32.81,32.32,32.40,227300,32.40
2010-02-02,32.20,33.21,32.00,32.60,769300,32.60
2010-02-01,35.00,35.48,34.24,34.39,128600,34.39
2010-01-29,34.93,35.22,34.17,34.78,360800,34.78
2010-01-28,35.40,35.51,34.57,34.65,68200,34.65
2010-01-27,34.99,35.60,34.99,35.37,55300,35.37
2010-01-26,35.61,35.63,35.00,35.11,62800,35.11
2010-01-25,36.51,36.88,35.70,35.80,67500,35.80
2010-01-22,36.17,36.56,36.17,36.41,267300,36.41
2010-01-21,37.00,37.19,36.17,36.27,176000,36.27
2010-01-20,36.79,37.11,36.61,36.85,76500,36.85
2010-01-19,37.08,37.53,36.95,37.05,133700,37.05
2010-01-15,37.25,37.25,36.58,36.97,92400,36.97
2010-01-14,36.88,37.30,36.88,37.10,68200,37.10
2010-01-13,37.06,37.10,36.71,36.97,108400,36.97
2010-01-12,37.22,37.55,36.86,36.94,61700,36.94
2010-01-11,37.11,37.42,37.09,37.31,63400,37.31
2010-01-08,36.68,37.22,36.56,37.09,100500,37.09
2010-01-07,36.59,36.73,36.18,36.66,65200,36.66
2010-01-06,36.42,36.84,36.30,36.50,124800,36.50
2010-01-05,36.61,36.92,36.26,36.38,77600,36.38
2010-01-04,36.61,37.30,36.48,36.73,55200,36.73
2009-12-31,36.52,37.04,36.25,36.44,76000,36.44
2009-12-30,36.15,36.64,35.97,36.64,62600,36.64
2009-12-29,35.27,36.25,34.87,36.16,85100,36.16
2009-12-28,35.17,35.38,34.88,35.29,117800,35.29
2009-12-24,35.35,35.40,34.84,35.19,18500,35.19
2009-12-23,35.70,35.92,35.12,35.37,69100,35.37
2009-12-22,35.82,35.82,35.24,35.63,80600,35.63
2009-12-21,35.77,35.93,35.53,35.70,82500,35.70
2009-12-18,35.76,36.20,35.52,35.74,307100,35.74
2009-12-17,35.74,36.00,34.89,35.43,185300,35.43
2009-12-16,36.02,36.02,35.36,35.80,60800,35.80
2009-12-15,35.52,36.22,35.50,35.75,55300,35.75
2009-12-14,35.45,35.84,35.17,35.62,83200,35.62
2009-12-11,34.77,35.57,34.77,35.40,74900,35.40
2009-12-10,34.50,34.92,34.06,34.57,146100,34.57
2009-12-09,35.02,35.06,34.25,34.52,118500,34.52
2009-12-08,34.94,35.33,34.80,35.02,136500,35.02
2009-12-07,35.05,36.00,35.01,35.14,164400,35.14
2009-12-04,34.70,35.38,33.84,35.02,182300,35.02
2009-12-03,33.76,34.57,33.76,34.10,190400,34.10
2009-12-02,32.81,33.77,32.51,33.57,167800,33.57
2009-12-01,33.00,33.29,32.75,32.85,144400,32.85
2009-11-30,33.29,33.29,32.51,33.00,143800,33.00
2009-11-27,33.46,33.81,33.43,33.43,80100,33.43
2009-11-25,33.63,34.18,33.63,33.95,81000,33.95
2009-11-24,33.60,33.85,33.50,33.63,154200,33.63
2009-11-23,33.60,34.08,33.51,33.61,90500,33.61
2009-11-20,33.89,34.03,33.32,33.58,133800,33.58
2009-11-19,34.05,34.23,33.89,33.95,298400,33.95
2009-11-18,34.31,34.40,34.02,34.35,38500,34.35
2009-11-17,34.82,34.98,34.30,34.39,63600,34.39
2009-11-16,35.39,36.14,34.75,35.00,129000,35.00
2009-11-13,35.59,35.59,34.77,35.09,61400,35.09
2009-11-12,36.88,36.95,35.33,35.40,90600,35.40
2009-11-11,37.45,37.91,36.94,36.97,67100,36.97
2009-11-10,37.06,37.72,37.06,37.29,41300,37.29
2009-11-09,37.44,37.75,37.23,37.26,54800,37.26
2009-11-06,36.51,37.29,36.36,37.29,63400,37.29
2009-11-05,35.85,36.88,35.85,36.72,72100,36.72
2009-11-04,34.82,36.24,34.66,35.73,156800,35.73
2009-11-03,34.07,34.85,34.06,34.83,395300,34.83
2009-11-02,35.04,35.24,34.05,34.14,118200,34.14
2009-10-30,35.34,35.47,34.94,35.00,94700,35.00
2009-10-29,35.26,35.63,34.93,35.33,88200,35.33
2009-10-28,35.77,36.32,35.19,35.25,104500,35.25
2009-10-27,36.51,36.80,35.83,35.90,67700,35.90
2009-10-26,36.97,37.48,36.30,36.60,78400,36.60
2009-10-23,37.13,37.34,36.81,37.06,90100,37.06
2009-10-22,37.28,37.39,36.89,37.18,96400,37.18
2009-10-21,37.61,38.19,37.31,37.36,222200,37.36
2009-10-20,38.78,39.02,37.17,37.86,550300,37.86
2009-10-19,35.82,36.05,35.60,35.79,167400,35.79
2009-10-16,35.70,36.21,35.52,35.78,88500,35.78
2009-10-15,35.77,36.31,35.63,35.94,134900,35.94
2009-10-14,36.18,36.32,35.77,35.96,85800,35.96
2009-10-13,36.01,36.25,35.75,35.99,61100,35.99
2009-10-12,36.34,36.72,35.81,36.20,98300,36.20
2009-10-09,35.96,36.11,35.51,36.05,102300,36.05
2009-10-08,36.21,36.29,35.96,35.98,104900,35.98
2009-10-07,36.11,36.55,36.11,36.21,22800,36.21
2009-10-06,36.04,36.74,35.95,36.44,90200,36.44
2009-10-05,36.08,36.20,35.77,36.00,88300,36.00
2009-10-02,36.00,36.54,35.75,36.05,47400,36.05
2009-10-01,36.72,36.72,36.10,36.23,106200,36.23
2009-09-30,37.32,37.32,36.38,36.86,56600,36.86
2009-09-29,36.84,37.32,36.80,37.19,111100,37.19
2009-09-28,36.78,37.43,36.72,36.92,56300,36.92
2009-09-25,36.66,37.02,36.49,36.61,50600,36.61
2009-09-24,37.22,37.70,36.69,36.84,59900,36.84
2009-09-23,37.59,37.65,37.10,37.30,75700,37.30
2009-09-22,37.70,37.93,37.23,37.49,109900,37.49
2009-09-21,37.27,37.95,37.04,37.62,34200,37.62
2009-09-18,37.34,37.92,37.21,37.53,140500,37.53
2009-09-17,36.87,37.54,36.87,37.19,96800,37.19
2009-09-16,36.11,37.02,35.75,36.96,125900,36.96
2009-09-15,35.89,36.01,35.40,35.73,91700,35.73
2009-09-14,36.20,36.50,35.86,35.89,130500,35.89
2009-09-11,36.67,36.87,36.48,36.49,66100,36.49
2009-09-10,37.14,37.14,36.57,36.75,80100,36.75
2009-09-09,37.00,37.27,36.99,37.06,62700,37.06
2009-09-08,37.24,37.34,36.75,36.90,57000,36.90
2009-09-04,37.34,37.62,36.99,37.14,58200,37.14
2009-09-03,37.65,37.65,36.74,37.51,30000,37.51
2009-09-02,37.39,38.00,37.33,37.64,99300,37.64
2009-09-01,37.34,38.05,36.91,37.35,74100,37.35
2009-08-31,37.63,37.90,37.09,37.19,72200,37.19
2009-08-28,38.32,38.43,37.65,37.76,40500,37.76
2009-08-27,38.30,38.34,38.01,38.20,59700,38.20
2009-08-26,37.98,38.46,37.98,38.31,48700,38.31
2009-08-25,38.13,38.39,38.00,38.03,94600,38.03
2009-08-24,38.15,38.44,37.97,38.11,97700,38.11
2009-08-21,38.08,38.36,37.64,38.04,188000,38.04
2009-08-20,37.27,37.95,37.18,37.72,155700,37.72
2009-08-19,36.08,37.49,36.08,37.42,109200,37.42
2009-08-18,35.99,36.35,35.76,36.23,59000,36.23
2009-08-17,35.70,36.28,35.52,36.01,81600,36.01
2009-08-14,36.18,36.54,35.76,36.17,123200,36.17
2009-08-13,36.48,36.52,35.90,36.32,43600,36.32
2009-08-12,36.16,36.81,36.00,36.44,62700,36.44
2009-08-11,36.64,36.80,36.08,36.16,106700,36.16
2009-08-10,36.39,36.92,36.30,36.67,57200,36.67
2009-08-07,36.72,37.03,36.55,36.69,76800,36.69
2009-08-06,37.18,37.18,35.96,36.47,206000,36.47
2009-08-05,38.88,38.94,37.37,37.44,201600,37.44
2009-08-04,38.96,39.31,38.41,38.75,154700,38.75
2009-08-03,39.01,39.50,38.79,39.04,340000,39.04
2009-07-31,39.56,39.85,38.78,38.93,276200,38.93
2009-07-30,40.55,40.61,39.39,39.56,379600,39.56
2009-07-29,39.28,40.35,39.23,40.07,210700,40.07
2009-07-28,38.75,39.39,38.62,39.35,200200,39.35
2009-07-27,39.40,39.40,38.75,38.98,247400,38.98
2009-07-24,39.16,39.70,39.01,39.59,241400,39.59
2009-07-23,38.71,40.21,38.56,39.22,367400,39.22
2009-07-22,40.35,40.76,38.06,38.85,442800,38.85
2009-07-21,43.81,43.81,40.43,40.54,519400,40.54
2009-07-20,43.58,44.06,42.82,43.95,206600,43.95
2009-07-17,43.31,43.91,42.75,43.29,113800,43.29
2009-07-16,42.88,43.49,42.73,43.20,146100,43.20
2009-07-15,43.10,43.10,42.38,42.73,146200,42.73
2009-07-14,43.10,43.10,42.48,42.59,102000,42.59
2009-07-13,42.86,43.10,42.22,43.10,141700,43.10
2009-07-10,43.05,43.49,42.35,43.07,168900,43.07
2009-07-09,41.00,43.74,40.91,43.05,423400,43.05
2009-07-08,41.28,41.49,40.56,41.06,75400,41.06
2009-07-07,40.62,41.96,40.50,41.10,120600,41.10
2009-07-06,40.92,41.25,40.38,40.73,96100,40.73
2009-07-02,41.15,41.49,41.06,41.16,103600,41.16
2009-07-01,41.25,41.54,40.65,41.43,155600,41.43
2009-06-30,41.32,41.39,40.55,41.15,121200,41.15
2009-06-29,40.60,41.32,40.50,41.11,114900,41.11
2009-06-26,39.83,40.88,39.29,40.60,445600,40.60
2009-06-25,39.34,40.47,38.74,40.12,119200,40.12
2009-06-24,40.56,40.65,39.03,39.39,261000,39.39
2009-06-23,40.71,41.00,39.77,40.19,159400,40.19
2009-06-22,41.86,41.90,40.52,40.66,130400,40.66
2009-06-19,42.43,42.77,41.56,41.64,356100,41.64
2009-06-18,41.52,42.31,41.38,41.87,213700,41.87
2009-06-17,41.48,41.88,41.00,41.52,250300,41.52
2009-06-16,41.63,42.13,41.51,41.61,159200,41.61
2009-06-15,41.88,42.16,41.59,41.89,186900,41.89
2009-06-12,41.93,42.18,41.46,41.87,182200,41.87
2009-06-11,40.49,41.87,40.49,41.54,170100,41.54
2009-06-10,40.16,40.40,39.86,40.30,329400,40.30
2009-06-09,39.99,40.04,39.61,40.00,213500,40.00
2009-06-08,39.27,39.74,38.81,39.50,254500,39.50
2009-06-05,39.23,39.29,38.34,38.88,193200,38.88
2009-06-04,38.42,39.31,37.80,39.16,162100,39.16
2009-06-03,37.78,38.32,37.45,38.15,173800,38.15
2009-06-02,37.05,38.17,36.90,37.89,447200,37.89
2009-06-01,36.24,37.32,35.83,36.99,435000,36.99
2009-05-29,35.54,36.21,35.02,36.16,217700,36.16
2009-05-28,35.70,35.76,35.20,35.47,42600,35.47
2009-05-27,36.03,36.03,35.43,35.60,45700,35.60
2009-05-26,34.96,36.35,34.96,36.10,137400,36.10
2009-05-22,35.53,35.83,34.95,35.22,88900,35.22
2009-05-21,36.01,36.38,35.04,35.39,72800,35.39
2009-05-20,36.79,37.01,36.02,36.05,94100,36.05
2009-05-19,36.65,36.73,36.11,36.48,103500,36.48
2009-05-18,36.16,36.95,35.47,36.88,126000,36.88
2009-05-15,36.75,36.83,35.94,36.11,127000,36.11
2009-05-14,37.57,37.68,36.73,36.77,190600,36.77
2009-05-13,37.25,37.92,37.25,37.56,176500,37.56
2009-05-12,36.44,37.73,36.12,37.59,137200,37.59
2009-05-11,36.74,36.94,36.05,36.19,70400,36.19
2009-05-08,36.11,37.57,36.05,37.12,201200,37.12
2009-05-07,35.85,36.32,35.10,35.88,92400,35.88
2009-05-06,36.77,36.80,35.36,35.68,149500,35.68
2009-05-05,36.55,36.59,35.96,36.40,113800,36.40
2009-05-04,36.84,37.34,36.00,36.63,124000,36.63
2009-05-01,37.56,37.56,35.96,36.50,173500,36.50
2009-04-30,37.70,37.81,37.34,37.60,253200,37.60
2009-04-29,36.01,37.52,35.77,37.26,254200,37.26
2009-04-28,34.38,36.19,34.38,35.75,239400,35.75
2009-04-27,33.64,34.68,33.50,34.35,142800,34.35
2009-04-24,33.98,34.74,33.90,34.18,101900,34.18
2009-04-23,35.50,35.72,33.55,33.87,208800,33.87
2009-04-22,35.00,36.10,34.86,35.58,154800,35.58
2009-04-21,34.22,35.40,33.93,35.30,217900,35.30
2009-04-20,34.42,36.31,34.28,34.48,307400,34.48
2009-04-17,34.47,35.18,33.48,34.99,827800,34.99
2009-04-16,31.96,32.60,31.69,31.83,108900,31.83
2009-04-15,31.79,32.44,31.12,31.79,114400,31.79
2009-04-14,31.91,32.15,30.86,31.84,72000,31.84
2009-04-13,31.24,32.40,31.24,32.28,84500,32.28
2009-04-09,32.05,32.61,31.47,31.96,83800,31.96
2009-04-08,31.13,31.78,30.57,31.70,46100,31.70
2009-04-07,30.82,31.29,30.72,30.89,114800,30.89
2009-04-06,31.27,31.69,31.14,31.20,86700,31.20
2009-04-03,32.85,33.21,31.25,31.58,84500,31.58
2009-04-02,32.69,33.48,32.29,33.00,174400,33.00
2009-04-01,31.84,32.30,31.31,32.23,89100,32.23
2009-03-31,32.20,32.90,31.86,32.12,202400,32.12
2009-03-30,31.44,32.22,31.02,31.85,159300,31.85
2009-03-27,31.60,32.41,31.51,31.63,101800,31.63
2009-03-26,30.85,32.02,30.58,32.02,121100,32.02
2009-03-25,30.40,31.51,30.03,30.63,58800,30.63
2009-03-24,30.53,30.95,30.30,30.33,64600,30.33
2009-03-23,29.75,30.88,29.53,30.88,54900,30.88
2009-03-20,30.15,30.32,29.34,29.34,143700,29.34
2009-03-19,30.82,30.82,29.46,29.92,135000,29.92
2009-03-18,29.86,31.16,29.44,30.84,114700,30.84
2009-03-17,29.55,29.86,29.11,29.86,114400,29.86
2009-03-16,29.71,29.77,29.50,29.65,189400,29.65
2009-03-13,28.64,29.87,28.59,29.62,128900,29.62
2009-03-12,27.14,28.72,26.97,28.53,104400,28.53
2009-03-11,27.13,27.70,26.65,27.31,157200,27.31
2009-03-10,27.10,27.25,26.18,27.10,124600,27.10
2009-03-09,28.14,28.35,26.65,26.81,162400,26.81
2009-03-06,28.32,28.48,27.92,28.41,89000,28.41
2009-03-05,29.40,29.47,27.98,28.19,342300,28.19
2009-03-04,29.54,29.79,28.95,29.42,159500,29.42
2009-03-03,30.21,30.52,28.96,29.35,315800,29.35
2009-03-02,31.41,31.53,30.08,30.15,354400,30.15
2009-02-27,32.66,32.66,31.28,31.53,256000,31.53
2009-02-26,34.63,34.78,32.99,33.09,154200,33.09
2009-02-25,33.48,34.72,33.22,34.33,275500,34.33
2009-02-24,33.16,33.99,32.67,33.72,279300,33.72
2009-02-23,35.44,35.87,33.09,33.17,212700,33.17
2009-02-20,35.47,36.39,35.22,35.35,224200,35.35
2009-02-19,34.60,35.85,34.14,35.82,266500,35.82
2009-02-18,33.61,34.67,33.44,34.23,187900,34.23
2009-02-17,33.80,34.11,33.14,33.56,137100,33.56
2009-02-13,34.62,34.99,33.68,34.20,217800,34.20
2009-02-12,33.10,34.90,33.10,34.70,236900,34.70
2009-02-11,32.81,33.41,32.32,33.40,256300,33.40
2009-02-10,32.63,33.07,32.16,32.60,227400,32.60
2009-02-09,32.25,32.86,31.98,32.66,183600,32.66
2009-02-06,32.00,32.54,31.90,32.30,152900,32.30
2009-02-05,32.08,32.50,31.24,32.02,190300,32.02
2009-02-04,32.48,32.84,31.59,32.07,103200,32.07
2009-02-03,33.48,33.50,31.48,32.28,390700,32.28
2009-02-02,30.14,31.48,30.14,31.26,121100,31.26
2009-01-30,31.18,31.54,30.42,30.51,63000,30.51
2009-01-29,31.18,31.29,30.68,30.93,82800,30.93
2009-01-28,31.63,32.04,31.29,31.41,56400,31.41
2009-01-27,31.07,31.79,31.00,31.51,75600,31.51
2009-01-26,30.80,31.55,30.80,31.02,78500,31.02
2009-01-23,30.52,30.76,30.01,30.68,132200,30.68
2009-01-22,30.79,31.34,30.64,30.94,149000,30.94
2009-01-21,30.65,31.92,30.50,31.79,138300,31.79
2009-01-20,30.43,30.95,30.08,30.59,208600,30.59
2009-01-16,31.88,31.98,30.00,30.55,186800,30.55
2009-01-15,31.13,31.71,30.98,31.71,114900,31.71
2009-01-14,32.00,32.39,30.96,31.24,92000,31.24
2009-01-13,31.22,32.43,31.22,32.17,143200,32.17
2009-01-12,31.10,31.66,30.79,31.14,103000,31.14
2009-01-09,31.15,31.31,30.07,31.01,100400,31.01
2009-01-08,32.46,32.59,30.94,31.24,165900,31.24
2009-01-07,32.57,32.75,32.20,32.44,63600,32.44
2009-01-06,32.66,33.14,32.29,32.69,59700,32.69
2009-01-05,33.19,33.60,32.33,32.49,71500,32.49
2009-01-02,33.25,33.40,32.55,33.02,59300,33.02
2008-12-31,32.25,33.75,32.20,33.14,85400,33.14
2008-12-30,31.36,32.20,31.26,32.12,53400,32.12
2008-12-29,31.48,31.93,30.91,31.19,53700,31.19
2008-12-26,31.34,31.49,30.90,31.38,41400,31.38
2008-12-24,30.91,31.02,30.03,30.93,52100,30.93
2008-12-23,31.67,32.37,30.68,30.81,73400,30.81
2008-12-22,31.49,31.86,30.61,31.69,77800,31.69
2008-12-19,31.96,32.78,31.18,31.33,125300,31.33
2008-12-18,32.11,33.03,31.17,31.43,96800,31.43
2008-12-17,32.74,33.28,31.92,32.00,101400,32.00
2008-12-16,30.87,32.70,30.87,32.62,97300,32.62
2008-12-15,31.87,32.16,30.38,30.72,42400,30.72
2008-12-12,30.20,31.96,30.10,31.96,52900,31.96
2008-12-11,30.65,31.68,29.83,30.55,88100,30.55
2008-12-10,30.89,31.84,30.38,30.99,125000,30.99
2008-12-09,31.07,31.48,29.92,30.53,119000,30.53
2008-12-08,32.61,32.84,31.17,31.33,117400,31.33
2008-12-05,30.87,32.50,30.19,32.19,170700,32.19
2008-12-04,31.07,31.72,30.52,31.01,71700,31.01
2008-12-03,29.29,31.44,28.91,31.26,119200,31.26
2008-12-02,29.72,30.61,29.26,29.84,176800,29.84
2008-12-01,29.67,30.48,29.09,29.21,164700,29.21
2008-11-28,29.73,30.32,29.14,30.25,57500,30.25
2008-11-26,27.61,30.13,27.61,29.90,147700,29.90
2008-11-25,28.76,28.97,27.72,28.04,106400,28.04
2008-11-24,27.84,28.88,27.41,28.47,184300,28.47
2008-11-21,27.73,27.77,25.33,27.66,142500,27.66
2008-11-20,29.58,29.83,27.19,27.29,176500,27.29
2008-11-19,30.47,30.82,29.53,29.72,88900,29.72
2008-11-18,29.60,30.62,29.60,30.54,162500,30.54
2008-11-17,30.72,31.25,29.50,29.51,131600,29.51
2008-11-14,30.86,32.00,29.85,30.95,166400,30.95
2008-11-13,31.11,32.02,29.50,31.27,249700,31.27
2008-11-12,32.64,33.23,30.84,31.05,153700,31.05
2008-11-11,33.55,33.70,32.88,32.89,95000,32.89
2008-11-10,33.20,33.95,33.20,33.82,172300,33.82
2008-11-07,33.21,33.41,32.35,32.96,93900,32.96
2008-11-06,33.53,34.12,32.70,32.96,118600,32.96
2008-11-05,33.76,34.72,33.33,33.45,243600,33.45
2008-11-04,33.42,34.17,32.49,33.98,149100,33.98
2008-11-03,32.04,32.97,31.37,32.88,157000,32.88
2008-10-31,31.76,32.63,31.58,32.03,108700,32.03
2008-10-30,32.25,32.49,30.90,32.00,114000,32.00
2008-10-29,31.02,32.83,30.06,31.57,239600,31.57
2008-10-28,30.62,31.19,29.84,30.83,195900,30.83
2008-10-27,30.71,31.14,29.54,30.19,132100,30.19
2008-10-24,30.80,31.57,28.15,30.97,180700,30.97
2008-10-23,32.68,32.78,31.18,31.83,144300,31.83
2008-10-22,34.15,34.42,32.28,32.87,134500,32.87
2008-10-21,34.08,35.11,33.38,34.70,265500,34.70
2008-10-20,32.47,34.59,31.35,34.53,210300,34.53
2008-10-17,28.50,32.37,28.50,32.17,621300,32.17
2008-10-16,25.24,27.11,24.32,26.80,145400,26.80
2008-10-15,28.91,28.91,24.86,25.23,146700,25.23
2008-10-14,30.00,30.00,28.51,28.60,103700,28.60
2008-10-13,28.32,29.57,26.48,29.44,101100,29.44
2008-10-10,27.38,27.68,25.60,27.32,123500,27.32
2008-10-09,28.49,29.99,27.95,27.96,138900,27.96
2008-10-08,28.51,29.73,27.60,28.24,126200,28.24
2008-10-07,30.85,30.85,28.69,29.00,68900,29.00
2008-10-06,31.10,31.50,29.79,30.13,168000,30.13
2008-10-03,31.39,31.73,31.11,31.11,84000,31.11
2008-10-02,31.23,31.85,31.00,31.20,67000,31.20
2008-10-01,30.27,31.48,29.89,31.38,122800,31.38
2008-09-30,31.82,31.92,29.76,30.41,145100,30.41
2008-09-29,31.95,32.48,30.92,31.56,53600,31.56
2008-09-26,31.77,32.48,31.41,32.24,72700,32.24
2008-09-25,31.08,32.35,31.08,32.04,137000,32.04
2008-09-24,31.94,32.23,31.03,31.03,61600,31.03
2008-09-23,31.78,32.37,31.74,31.82,57000,31.82
2008-09-22,32.07,32.20,31.28,31.71,144500,31.71
2008-09-19,30.98,32.48,30.29,32.21,224200,32.21
2008-09-18,30.70,30.70,28.98,30.12,182300,30.12
2008-09-17,31.75,31.88,30.04,30.13,83300,30.13
2008-09-16,30.84,32.01,30.62,31.91,87200,31.91
2008-09-15,31.61,31.97,30.69,31.25,62500,31.25
2008-09-12,32.37,32.80,31.76,32.00,81300,32.00
2008-09-11,32.67,33.03,32.08,32.57,147300,32.57
2008-09-10,33.41,33.42,32.64,32.86,162700,32.86
2008-09-09,31.81,33.65,31.81,33.05,691600,33.05
2008-09-08,31.25,32.16,31.11,31.75,207800,31.75
2008-09-05,30.80,30.80,30.21,30.63,132900,30.63
2008-09-04,32.11,32.18,30.80,30.80,123300,30.80
2008-09-03,31.33,32.42,31.05,32.30,183100,32.30
2008-09-02,30.89,32.00,30.81,31.46,106900,31.46
2008-08-29,30.77,30.77,29.77,30.37,50200,30.37
2008-08-28,30.82,31.18,30.64,30.90,104100,30.90
2008-08-27,30.35,30.80,30.35,30.78,77700,30.78
2008-08-26,30.19,30.50,30.01,30.44,125400,30.44
2008-08-25,30.50,30.50,29.82,30.20,103800,30.20
2008-08-22,30.55,31.10,30.33,30.60,116500,30.60
2008-08-21,30.51,30.95,30.03,30.44,145800,30.44
2008-08-20,30.91,31.33,30.35,30.86,155300,30.86
2008-08-19,30.72,31.13,30.48,30.88,156600,30.88
2008-08-18,31.10,31.10,30.28,30.93,191200,30.93
2008-08-15,31.72,31.95,30.62,31.14,173500,31.14
2008-08-14,30.74,31.47,30.38,31.43,174300,31.43
2008-08-13,30.79,31.22,30.22,30.90,233200,30.90
2008-08-12,31.18,31.26,30.66,30.80,126500,30.80
2008-08-11,30.64,31.63,29.69,31.31,75900,31.31
2008-08-08,30.01,30.81,29.70,30.68,71500,30.68
2008-08-07,29.57,29.77,29.17,29.38,58600,29.38
2008-08-06,30.29,30.88,28.98,29.71,153300,29.71
2008-08-05,29.12,30.47,28.47,30.39,149400,30.39
2008-08-04,28.41,29.02,27.74,28.94,95000,28.94
2008-08-01,28.49,29.34,27.38,28.36,107100,28.36
2008-07-31,28.26,29.24,27.12,28.43,190500,28.43
2008-07-30,28.92,28.94,28.25,28.51,157600,28.51
2008-07-29,28.23,29.20,27.54,28.69,182900,28.69
2008-07-28,28.97,29.28,28.18,28.23,126800,28.23
2008-07-25,28.76,29.25,28.58,29.14,232500,29.14
2008-07-24,28.55,28.86,28.05,28.49,170600,28.49
2008-07-23,28.40,28.77,27.91,28.44,160000,28.44
2008-07-22,27.21,28.53,27.21,28.39,255100,28.39
2008-07-21,26.29,27.47,26.22,27.45,233000,27.45
2008-07-18,27.24,27.25,25.71,26.09,381200,26.09
2008-07-17,24.81,26.33,24.54,26.18,310600,26.18
2008-07-16,23.93,25.17,23.93,24.59,170400,24.59
2008-07-15,23.82,24.33,23.82,24.03,217100,24.03
2008-07-14,25.34,25.37,24.02,24.07,183000,24.07
2008-07-11,24.68,25.40,24.68,25.40,157500,25.40
2008-07-10,24.03,25.28,23.99,24.85,173900,24.85
2008-07-09,24.86,24.86,23.92,24.02,219200,24.02
2008-07-08,23.73,24.97,23.73,24.90,148400,24.90
2008-07-07,24.14,24.43,23.03,23.64,123000,23.64
2008-07-03,23.54,24.11,23.49,23.95,60500,23.95
2008-07-02,23.48,23.64,23.00,23.58,207300,23.58
2008-07-01,22.69,23.67,22.69,23.05,325500,23.05
2008-06-30,23.34,24.32,22.85,22.88,232300,22.88
2008-06-27,23.00,23.29,22.90,23.16,425900,23.16
2008-06-26,23.20,23.41,22.86,23.09,347400,23.09
2008-06-25,23.22,23.45,23.09,23.42,177400,23.42
2008-06-24,22.81,23.31,22.53,23.25,318600,23.25
2008-06-23,22.73,23.25,22.50,22.98,327600,22.98
2008-06-20,22.40,23.06,22.35,22.68,431400,22.68
2008-06-19,22.50,23.02,22.14,22.50,461500,22.50
2008-06-18,23.60,23.72,22.37,22.50,331100,22.50
2008-06-17,25.75,25.75,23.35,23.67,451100,23.67
2008-06-16,25.95,26.06,24.79,25.79,232800,25.79
2008-06-13,25.81,26.08,25.80,26.00,54400,26.00
2008-06-12,25.88,26.13,25.64,25.65,111400,25.65
2008-06-11,25.73,26.18,25.62,25.77,382700,25.77
2008-06-10,25.98,26.35,25.71,25.81,204300,25.81
2008-06-09,26.00,26.86,25.45,26.00,245400,26.00
2008-06-06,26.59,26.73,25.67,26.05,167000,26.05
2008-06-05,25.84,26.70,25.53,26.70,384000,26.70
2008-06-04,26.01,26.23,25.79,25.87,114700,25.87
2008-06-03,25.59,26.21,25.23,26.06,254100,26.06
2008-06-02,25.41,26.14,24.25,25.50,317600,25.50
2008-05-30,25.94,25.94,24.77,25.48,130300,25.48
2008-05-29,25.17,26.48,25.17,25.76,97500,25.76
2008-05-28,24.95,25.41,24.95,25.25,54400,25.25
2008-05-27,24.60,25.38,24.49,24.86,54900,24.86
2008-05-23,25.27,25.27,24.54,24.54,36900,24.54
2008-05-22,24.35,25.58,24.35,25.48,56100,25.48
2008-05-21,24.49,25.13,24.34,24.39,66500,24.39
2008-05-20,24.32,24.99,24.30,24.43,38100,24.43
2008-05-19,24.78,25.10,24.19,24.40,98200,24.40
2008-05-16,24.77,24.81,24.00,24.78,90400,24.78
2008-05-15,25.10,25.11,24.42,24.68,85200,24.68
2008-05-14,25.08,25.29,24.84,25.05,100000,25.05
2008-05-13,24.90,25.19,24.75,25.10,69400,25.10
2008-05-12,24.39,24.91,24.23,24.91,69900,24.91
2008-05-09,24.10,24.40,24.01,24.32,37000,24.32
2008-05-08,24.58,24.58,23.71,24.10,71300,24.10
2008-05-07,24.16,24.62,23.70,23.74,67200,23.74
2008-05-06,24.35,24.54,24.06,24.08,98900,24.08
2008-05-05,24.65,25.73,24.10,24.45,128200,24.45
2008-05-02,25.64,25.98,24.72,24.74,106500,24.74
2008-05-01,25.15,25.69,24.97,25.25,71700,25.25
2008-04-30,25.18,26.03,24.98,25.12,139200,25.12
2008-04-29,25.19,25.36,25.00,25.10,265600,25.10
2008-04-28,24.24,25.12,23.99,25.12,112600,25.12
2008-04-25,24.50,24.50,23.90,24.32,69400,24.32
2008-04-24,23.69,24.44,23.55,24.43,110600,24.43
2008-04-23,23.11,23.86,23.06,23.62,112700,23.62
2008-04-22,24.10,24.31,22.92,23.02,214500,23.02
2008-04-21,24.17,24.86,24.14,24.17,247100,24.17
2008-04-18,26.26,26.62,23.80,24.13,832000,24.13
2008-04-17,27.74,28.05,26.98,27.61,176500,27.61
2008-04-16,27.80,27.83,27.57,27.60,72100,27.60
2008-04-15,27.88,27.88,27.42,27.48,53800,27.48
2008-04-14,28.16,28.16,27.69,27.81,49100,27.81
2008-04-11,28.59,29.33,28.11,28.22,84100,28.22
2008-04-10,29.53,29.53,28.34,28.62,102700,28.62
2008-04-09,29.95,30.00,29.33,29.60,84400,29.60
2008-04-08,29.51,29.98,29.51,29.90,58700,29.90
2008-04-07,29.96,29.98,29.54,29.67,32500,29.67
2008-04-04,29.27,29.95,28.84,29.90,53600,29.90
2008-04-03,28.95,29.59,28.95,29.16,61100,29.16
2008-04-02,29.54,29.61,28.90,29.12,76800,29.12
2008-04-01,28.90,29.98,28.74,29.70,193200,29.70
2008-03-31,28.03,28.98,28.03,28.77,188900,28.77
2008-03-28,27.06,28.37,27.06,28.10,140100,28.10
2008-03-27,26.22,27.04,25.41,26.97,109800,26.97
2008-03-26,25.94,26.64,25.86,26.13,132500,26.13
2008-03-25,26.60,26.63,25.86,26.01,77700,26.01
2008-03-24,26.18,26.63,25.98,26.17,82900,26.17
2008-03-20,26.65,26.95,25.93,26.02,201800,26.02
2008-03-19,25.74,26.95,25.74,26.23,107000,26.23
2008-03-18,25.30,26.12,24.46,25.53,54300,25.53
2008-03-17,24.50,25.53,24.19,24.79,40300,24.79
2008-03-14,25.85,25.85,24.41,24.79,48300,24.79
2008-03-13,25.03,25.68,24.52,25.68,72800,25.68
2008-03-12,25.55,26.00,25.06,25.06,153400,25.06
2008-03-11,26.11,26.13,25.39,25.51,95300,25.51
2008-03-10,25.80,26.35,25.41,25.49,34900,25.49
2008-03-07,25.55,26.48,25.55,25.66,117000,25.66
2008-03-06,26.12,26.60,25.60,25.77,66000,25.77
2008-03-05,26.66,26.66,26.07,26.30,55800,26.30
2008-03-04,26.34,26.80,26.25,26.58,105900,26.58
2008-03-03,27.34,27.34,26.34,26.59,52000,26.59
2008-02-29,27.56,27.73,26.78,26.84,69300,26.84
2008-02-28,27.93,28.91,27.68,27.84,71900,27.84
2008-02-27,27.41,28.40,27.41,28.17,321100,28.17
2008-02-26,27.04,27.65,27.04,27.53,104300,27.53
2008-02-25,27.44,27.63,26.25,27.24,117400,27.24
2008-02-22,26.77,27.52,26.54,27.49,129800,27.49
2008-02-21,27.67,28.01,26.50,26.68,83400,26.68
2008-02-20,27.38,27.81,27.00,27.45,39100,27.45
2008-02-19,27.71,27.98,26.83,27.52,44800,27.52
2008-02-15,27.40,27.91,26.77,27.43,186200,27.43
2008-02-14,28.26,29.53,27.48,27.54,89600,27.54
2008-02-13,28.50,28.69,28.03,28.25,190900,28.25
2008-02-12,28.20,28.54,28.18,28.44,67300,28.44
2008-02-11,28.64,28.64,27.97,28.11,86100,28.11
2008-02-08,29.05,29.36,28.41,28.57,46300,28.57
2008-02-07,28.56,29.34,28.56,29.18,217100,29.18
2008-02-06,28.93,29.30,28.55,28.67,162500,28.67
2008-02-05,28.50,29.11,28.50,28.71,104000,28.71
2008-02-04,29.00,29.54,28.68,28.76,161200,28.76
2008-02-01,28.58,29.35,27.82,29.10,260000,29.10
2008-01-31,29.75,29.75,28.36,28.39,621200,28.39
2008-01-30,31.25,31.48,29.68,29.77,257700,29.77
2008-01-29,33.67,33.67,30.45,31.47,1147900,31.47
2008-01-28,35.97,37.82,35.88,37.41,152800,37.41
2008-01-25,36.13,36.26,35.31,35.97,75400,35.97
2008-01-24,37.06,37.79,35.69,35.69,105200,35.69
2008-01-23,35.34,37.06,35.14,36.92,126400,36.92
2008-01-22,35.06,37.74,35.06,36.26,134700,36.26
2008-01-18,37.38,37.91,35.95,36.10,186500,36.10
2008-01-17,37.61,37.75,37.38,37.40,80600,37.40
2008-01-16,37.04,37.78,37.04,37.43,139300,37.43
2008-01-15,36.57,38.08,36.16,37.21,89200,37.21
2008-01-14,37.20,37.47,36.95,37.00,53100,37.00
2008-01-11,37.03,37.63,36.88,36.88,64300,36.88
2008-01-10,35.51,37.29,35.50,37.25,101700,37.25
2008-01-09,35.00,35.87,35.00,35.86,68900,35.86
2008-01-08,35.79,36.27,35.01,35.01,56900,35.01
2008-01-07,35.29,36.05,35.11,35.69,57900,35.69
2008-01-04,35.23,36.09,35.00,35.19,101100,35.19
2008-01-03,36.44,36.56,35.39,35.39,175000,35.39
2008-01-02,35.88,36.47,35.42,36.44,144100,36.44
2007-12-31,35.74,36.24,35.32,36.01,95100,36.01
2007-12-28,36.58,36.93,35.66,35.96,65100,35.96
2007-12-27,37.37,37.46,36.00,36.24,61800,36.24
2007-12-26,37.13,37.45,36.87,37.35,54700,37.35
2007-12-24,37.61,37.75,36.77,37.36,38400,37.36
2007-12-21,37.57,37.68,36.95,37.54,217300,37.54
2007-12-20,37.75,37.91,36.32,37.12,102800,37.12
2007-12-19,37.47,37.79,37.11,37.42,73900,37.42
2007-12-18,37.80,37.91,36.97,37.63,85600,37.63
2007-12-17,38.26,38.73,37.36,37.43,80000,37.43
2007-12-14,37.92,38.58,37.63,38.42,66000,38.42
2007-12-13,37.69,38.52,37.44,38.32,51700,38.32
2007-12-12,37.80,38.45,37.38,38.01,70400,38.01
2007-12-11,38.50,38.63,36.90,37.00,79600,37.00
2007-12-10,38.20,38.46,37.89,38.39,41500,38.39
2007-12-07,37.87,38.28,37.28,38.25,49300,38.25
2007-12-06,36.93,38.03,36.38,37.90,101500,37.90
2007-12-05,36.72,37.19,36.58,37.06,60200,37.06
2007-12-04,36.04,36.35,35.70,36.30,74100,36.30
2007-12-03,37.04,37.53,36.08,36.30,121500,36.30
2007-11-30,37.44,37.83,36.53,37.12,83500,37.12
2007-11-29,37.45,37.53,36.82,36.99,58000,36.99
2007-11-28,37.22,37.65,37.00,37.57,75800,37.57
2007-11-27,37.27,37.41,36.62,36.89,46300,36.89
2007-11-26,37.24,37.24,36.62,36.92,101700,36.92
2007-11-23,37.23,37.32,36.71,37.27,20100,37.27
2007-11-21,37.02,37.58,36.80,37.01,38000,37.01
2007-11-20,37.68,38.13,35.73,37.16,107800,37.16
2007-11-19,38.45,38.54,37.28,37.81,68400,37.81
2007-11-16,37.95,38.82,37.61,38.78,80600,38.78
2007-11-15,38.39,39.05,37.70,37.91,47300,37.91
2007-11-14,39.32,39.32,38.45,38.58,38800,38.58
2007-11-13,38.07,39.25,37.91,39.25,74500,39.25
2007-11-12,38.36,38.92,37.76,37.79,69000,37.79
2007-11-09,37.72,38.92,37.72,38.32,55600,38.32
2007-11-08,38.44,38.44,37.60,38.18,92200,38.18
2007-11-07,38.37,38.86,38.08,38.18,53100,38.18
2007-11-06,38.39,38.83,37.86,38.80,57900,38.80
2007-11-05,37.97,38.84,37.86,38.33,69000,38.33
2007-11-02,38.91,38.91,37.90,38.34,102700,38.34
2007-11-01,39.66,39.90,38.44,38.54,139400,38.54
2007-10-31,40.06,40.32,39.92,40.10,100000,40.10
2007-10-30,39.53,40.38,39.40,39.98,69500,39.98
2007-10-29,39.35,39.79,39.32,39.79,144900,39.79
2007-10-26,39.02,39.47,38.60,39.22,125900,39.22
2007-10-25,38.62,39.01,38.61,38.63,93800,38.63
2007-10-24,38.39,38.80,38.39,38.65,71900,38.65
2007-10-23,38.91,38.91,38.08,38.60,116700,38.60
2007-10-22,38.07,38.83,37.54,38.64,195000,38.64
2007-10-19,37.81,40.44,37.81,38.40,392000,38.40
2007-10-18,37.58,37.79,37.36,37.60,132200,37.60
2007-10-17,38.12,38.35,37.39,37.47,131100,37.47
2007-10-16,37.91,38.25,37.67,37.74,122500,37.74
2007-10-15,38.19,38.71,37.97,37.98,101900,37.98
2007-10-12,38.35,38.94,38.16,38.24,39700,38.24
2007-10-11,38.86,40.96,38.34,38.36,134200,38.36
2007-10-10,38.29,38.78,38.25,38.75,84800,38.75
2007-10-09,38.72,38.92,38.34,38.44,124500,38.44
2007-10-08,38.87,39.34,38.63,38.69,54400,38.69
2007-10-05,38.58,38.97,38.17,38.94,64000,38.94
2007-10-04,38.25,38.72,38.11,38.25,70900,38.25
2007-10-03,38.65,39.55,38.10,38.15,134200,38.15
2007-10-02,39.42,39.49,38.57,38.82,99200,38.82
2007-10-01,38.74,39.50,38.58,39.40,132100,39.40
2007-09-28,39.10,39.69,38.75,38.75,177200,38.75
2007-09-27,39.00,39.47,38.97,39.14,76800,39.14
2007-09-26,39.08,39.57,38.81,38.90,36000,38.90
2007-09-25,38.94,39.25,38.79,38.97,39700,38.97
2007-09-24,39.47,39.61,38.68,39.11,73900,39.11
2007-09-21,39.66,39.79,39.31,39.47,213700,39.47
2007-09-20,39.49,39.75,39.30,39.36,107800,39.36
2007-09-19,39.60,39.93,39.16,39.52,90200,39.52
2007-09-18,38.42,39.72,38.28,39.45,105400,39.45
2007-09-17,37.93,38.95,37.93,38.29,136500,38.29
2007-09-14,37.32,38.11,37.32,38.06,148900,38.06
2007-09-13,38.10,38.87,37.57,37.62,88700,37.62
2007-09-12,38.11,38.34,37.61,38.01,57200,38.01
2007-09-11,37.63,38.18,37.63,38.18,60500,38.18
2007-09-10,37.66,37.89,36.81,37.60,107400,37.60
2007-09-07,37.79,38.38,37.34,37.50,91500,37.50
2007-09-06,37.95,38.46,37.87,38.25,51700,38.25
2007-09-05,38.45,38.45,37.61,37.92,94700,37.92
2007-09-04,37.72,39.10,37.50,38.65,103600,38.65
2007-08-31,38.15,38.98,37.17,37.81,103700,37.81
2007-08-30,37.46,38.43,37.08,37.75,62300,37.75
2007-08-29,37.81,37.98,37.49,37.85,110000,37.85
2007-08-28,37.33,37.93,37.29,37.52,121500,37.52
2007-08-27,38.08,38.63,37.40,37.44,88900,37.44
2007-08-24,37.70,38.23,37.31,38.23,82800,38.23
2007-08-23,39.00,39.57,37.44,37.70,181700,37.70
2007-08-22,38.86,39.14,38.43,38.95,110200,38.95
2007-08-21,38.70,38.85,38.06,38.49,125300,38.49
2007-08-20,39.12,39.42,38.29,38.57,173900,38.57
2007-08-17,39.51,40.85,38.85,38.96,258500,38.96
2007-08-16,36.18,38.63,36.07,38.28,222000,38.28
2007-08-15,34.85,37.50,34.65,36.36,160900,36.36
2007-08-14,35.44,35.99,35.00,35.00,71700,35.00
2007-08-13,36.99,37.75,35.26,35.44,137100,35.44
2007-08-10,36.21,38.45,36.14,37.00,168000,37.00
2007-08-09,35.07,36.93,34.53,36.74,137100,36.74
2007-08-08,34.22,36.30,34.18,35.52,251400,35.52
2007-08-07,33.65,34.07,32.53,33.99,198200,33.99
2007-08-06,32.75,33.77,32.48,33.68,231700,33.68
2007-08-03,32.60,33.54,32.19,32.66,217600,32.66
2007-08-02,32.83,33.34,32.41,32.68,195200,32.68
2007-08-01,33.14,33.30,31.96,32.77,160800,32.77
2007-07-31,33.38,33.67,32.11,33.24,313300,33.24
2007-07-30,33.42,33.93,33.06,33.19,163000,33.19
2007-07-27,33.46,33.71,32.68,33.42,376500,33.42
2007-07-26,34.26,34.26,33.20,33.51,377500,33.51
2007-07-25,34.69,34.75,34.30,34.46,203300,34.46
2007-07-24,34.71,35.17,34.41,34.50,169600,34.50
2007-07-23,35.94,35.94,34.69,34.90,175300,34.90
2007-07-20,36.10,36.80,35.80,35.90,365900,35.90
2007-07-19,38.27,38.60,35.82,36.21,813300,36.21
2007-07-18,41.91,42.82,40.42,40.88,188200,40.88
2007-07-17,42.78,42.96,42.11,42.15,53600,42.15
2007-07-16,42.74,43.53,42.38,42.78,52800,42.78
2007-07-13,43.35,43.35,42.07,42.92,64500,42.92
2007-07-12,43.17,43.60,42.78,43.34,39300,43.34
2007-07-11,43.11,43.14,42.75,42.90,58400,42.90
2007-07-10,42.96,43.19,42.44,42.73,84400,42.73
2007-07-09,43.16,43.30,42.94,43.13,89500,43.13
2007-07-06,43.22,43.49,43.02,43.22,32700,43.22
2007-07-05,43.15,43.39,42.82,43.32,55800,43.32
2007-07-03,43.25,43.37,42.85,43.15,29600,43.15
2007-07-02,43.16,43.26,42.82,43.25,46600,43.25
2007-06-29,43.84,43.87,42.73,42.94,88200,42.94
2007-06-28,43.64,44.25,43.49,43.67,90400,43.67
2007-06-27,42.41,44.22,42.41,43.83,81700,43.83
2007-06-26,42.83,43.18,42.59,42.61,105400,42.61
2007-06-25,42.62,43.59,42.37,42.69,102900,42.69
2007-06-22,42.65,42.93,42.41,42.80,289900,42.80
2007-06-21,42.65,43.12,42.45,42.65,95000,42.65
2007-06-20,42.62,42.85,42.40,42.69,116500,42.69
2007-06-19,42.19,42.68,42.14,42.49,146600,42.49
2007-06-18,43.26,43.54,42.24,42.38,106100,42.38
2007-06-15,43.22,43.51,42.85,43.09,118300,43.09
2007-06-14,42.38,42.90,42.20,42.60,146300,42.60
2007-06-13,42.31,42.80,42.07,42.27,77500,42.27
2007-06-12,42.45,42.66,42.25,42.25,141700,42.25
2007-06-11,43.00,43.10,42.55,42.68,129500,42.68
2007-06-08,41.61,43.57,41.52,43.12,148100,43.12
2007-06-07,42.00,44.28,41.12,41.74,262400,41.74
2007-06-06,40.01,40.37,39.98,40.21,56900,40.21
2007-06-05,40.71,40.73,39.98,40.28,46800,40.28
2007-06-04,41.00,41.15,40.26,41.00,89700,41.00
2007-06-01,40.20,41.28,40.20,41.19,77700,41.19
2007-05-31,40.31,40.31,40.00,40.15,55300,40.15
2007-05-30,39.99,40.38,39.99,40.07,57200,40.07
2007-05-29,40.07,40.37,40.00,40.18,47300,40.18
2007-05-25,40.03,40.21,39.98,40.00,45600,40.00
2007-05-24,40.30,40.51,39.91,40.07,37500,40.07
2007-05-23,40.94,41.10,40.29,40.33,42300,40.33
2007-05-22,40.48,40.91,39.99,40.85,61900,40.85
2007-05-21,39.87,40.57,39.83,40.35,44400,40.35
2007-05-18,40.31,40.31,39.79,40.08,82400,40.08
2007-05-17,41.34,41.34,40.15,40.34,47200,40.34
2007-05-16,41.02,41.51,40.74,41.49,32400,41.49
2007-05-15,41.25,41.74,40.90,40.97,51600,40.97
2007-05-14,40.93,41.66,40.93,41.37,57600,41.37
2007-05-11,40.58,41.61,40.39,41.02,61000,41.02
2007-05-10,41.47,41.47,40.24,40.33,132300,40.33
2007-05-09,41.50,41.86,41.44,41.60,38300,41.60
2007-05-08,42.31,42.31,41.32,41.74,51000,41.74
2007-05-07,42.43,43.00,42.37,42.50,67400,42.50
2007-05-04,42.26,42.40,41.95,42.38,63800,42.38
2007-05-03,42.65,42.77,42.12,42.25,73300,42.25
2007-05-02,42.06,42.95,41.82,42.73,78500,42.73
2007-05-01,41.66,42.00,41.23,41.95,113500,41.95
2007-04-30,43.30,43.31,41.75,41.75,141600,41.75
2007-04-27,43.69,43.77,43.24,43.39,95500,43.39
2007-04-26,43.91,44.13,43.51,43.83,64700,43.83
2007-04-25,43.82,44.45,43.80,43.89,92700,43.89
2007-04-24,44.00,44.27,43.34,43.87,88700,43.87
2007-04-23,43.85,44.00,43.59,43.98,82300,43.98
2007-04-20,44.84,44.84,43.90,44.20,114800,44.20
2007-04-19,42.00,45.02,41.87,44.60,350500,44.60
2007-04-18,42.32,42.53,41.88,41.93,138300,41.93
2007-04-17,42.97,42.97,42.26,42.48,106400,42.48
2007-04-16,42.05,42.90,42.05,42.82,110200,42.82
2007-04-13,42.04,42.07,41.62,42.02,115500,42.02
2007-04-12,41.60,42.01,41.37,41.94,187900,41.94
2007-04-11,42.02,42.02,40.95,41.77,143000,41.77
2007-04-10,41.31,42.10,41.11,41.81,62600,41.81
2007-04-09,41.37,41.44,41.15,41.23,71000,41.23
2007-04-05,40.08,41.38,40.03,41.22,157500,41.22
2007-04-04,40.44,40.44,39.94,40.17,204700,40.17
2007-04-03,39.65,40.49,39.65,40.37,171600,40.37
2007-04-02,39.20,39.78,39.20,39.57,87800,39.57
2007-03-30,39.01,39.51,38.93,39.20,226500,39.20
2007-03-29,39.19,39.45,38.84,39.00,188000,39.00
2007-03-28,39.36,39.36,38.84,39.03,70100,39.03
2007-03-27,39.57,39.73,39.29,39.50,33400,39.50
2007-03-26,39.50,40.15,39.49,39.69,152300,39.69
2007-03-23,39.78,39.91,38.32,39.57,243000,39.57
2007-03-22,40.81,40.97,39.61,39.89,95100,39.89
2007-03-21,39.98,40.89,39.65,40.76,46200,40.76
2007-03-20,39.58,39.96,39.52,39.89,55400,39.89
2007-03-19,39.40,40.08,39.30,39.74,63400,39.74
2007-03-16,40.56,40.67,39.11,39.42,344000,39.42
2007-03-15,39.63,40.66,39.63,40.57,75600,40.57
2007-03-14,39.27,39.83,39.15,39.72,134800,39.72
2007-03-13,39.52,39.63,39.13,39.40,138100,39.40
2007-03-12,39.29,39.94,39.04,39.59,71900,39.59
2007-03-09,39.44,39.48,39.01,39.17,55400,39.17
2007-03-08,39.36,39.76,39.08,39.21,55000,39.21
2007-03-07,39.35,39.75,38.94,39.20,137000,39.20
2007-03-06,38.94,39.77,38.68,39.50,98400,39.50
2007-03-05,38.88,39.04,38.41,38.68,92600,38.68
2007-03-02,38.52,39.32,38.35,39.06,100900,39.06
2007-03-01,38.88,39.29,38.26,38.76,134100,38.76
2007-02-28,39.78,40.06,39.03,39.06,173000,39.06
2007-02-27,40.23,40.33,39.52,39.80,101300,39.80
2007-02-26,40.81,40.84,40.07,40.29,66400,40.29
2007-02-23,39.82,41.00,39.80,40.89,96700,40.89
2007-02-22,40.35,40.37,39.94,39.97,134000,39.97
2007-02-21,40.98,40.98,40.27,40.44,84500,40.44
2007-02-20,40.59,41.34,40.27,41.16,71700,41.16
2007-02-16,40.90,40.94,40.56,40.74,70700,40.74
2007-02-15,40.85,41.06,40.36,40.90,78200,40.90
2007-02-14,40.95,41.26,40.77,40.97,76800,40.97
2007-02-13,40.80,40.91,40.65,40.82,137300,40.82
2007-02-12,41.28,41.28,40.77,40.88,131200,40.88
2007-02-09,41.41,41.41,41.20,41.30,73100,41.30
2007-02-08,41.16,41.42,41.02,41.32,85500,41.32
2007-02-07,41.21,41.46,41.15,41.24,225100,41.24
2007-02-06,40.60,41.20,40.50,41.15,209400,41.15
2007-02-05,40.30,40.72,40.30,40.54,168600,40.54
2007-02-02,39.92,40.85,39.92,40.46,210000,40.46
2007-02-01,39.45,40.15,39.45,39.85,222700,39.85
2007-01-31,38.25,39.68,38.15,39.45,524900,39.45
2007-01-30,36.60,38.70,36.23,38.01,1339800,38.01
2007-01-29,40.26,40.72,39.77,40.02,179200,40.02
2007-01-26,39.30,40.69,39.08,40.55,213400,40.55
2007-01-25,38.59,39.35,38.16,39.23,333000,39.23
2007-01-24,38.14,38.58,37.95,38.49,184200,38.49
2007-01-23,38.35,38.78,37.95,38.23,104800,38.23
2007-01-22,38.60,38.64,38.30,38.44,79900,38.44
2007-01-19,39.02,39.90,38.32,38.67,201400,38.67
2007-01-18,39.43,39.43,38.93,39.15,126200,39.15
2007-01-17,39.96,40.01,39.04,39.27,153600,39.27
2007-01-16,41.03,41.39,40.01,40.08,145100,40.08
2007-01-12,40.78,41.00,40.38,40.90,34600,40.90
2007-01-11,40.18,41.05,40.18,40.92,56900,40.92
2007-01-10,40.35,40.64,40.10,40.19,101100,40.19
2007-01-09,40.59,40.73,40.45,40.58,138800,40.58
2007-01-08,40.59,40.77,40.35,40.69,67500,40.69
2007-01-05,41.00,41.25,40.62,40.62,115000,40.62
2007-01-04,41.06,41.50,40.98,41.10,61200,41.10
2007-01-03,41.08,41.75,40.72,40.98,97200,40.98
2006-12-29,41.13,41.22,40.56,40.68,48300,40.68
2006-12-28,41.41,41.41,41.00,41.02,87600,41.02
2006-12-27,41.11,41.46,40.83,41.36,43500,41.36
2006-12-26,41.17,41.29,40.81,40.95,62600,40.95
2006-12-22,40.41,41.42,40.41,41.05,62000,41.05
2006-12-21,40.61,40.74,40.24,40.50,129000,40.50
2006-12-20,40.73,40.79,40.13,40.49,93400,40.49
2006-12-19,40.78,40.88,40.41,40.76,83100,40.76
2006-12-18,40.91,41.19,40.55,40.86,68400,40.86
2006-12-15,40.60,40.98,40.55,40.75,162600,40.75
2006-12-14,40.67,41.41,40.60,40.66,181300,40.66
2006-12-13,40.63,40.82,40.25,40.78,113200,40.78
2006-12-12,40.72,40.72,40.19,40.47,100300,40.47
2006-12-11,40.80,41.00,40.55,40.68,59900,40.68
2006-12-08,40.78,41.32,40.67,41.05,78200,41.05
2006-12-07,41.00,41.05,40.62,40.94,53900,40.94
2006-12-06,40.86,40.90,40.29,40.90,68400,40.90
2006-12-05,40.69,41.14,40.58,41.04,68700,41.04
2006-12-04,40.45,40.81,40.28,40.59,101700,40.59
2006-12-01,40.31,40.36,39.89,40.33,104300,40.33
2006-11-30,40.38,40.61,39.95,40.41,131800,40.41
2006-11-29,40.51,40.93,39.88,40.44,118800,40.44
2006-11-28,40.43,40.66,40.13,40.36,117500,40.36
2006-11-27,41.40,41.65,40.37,40.45,164400,40.45
2006-11-24,41.51,41.86,41.40,41.43,22500,41.43
2006-11-22,42.40,42.40,41.58,41.69,66800,41.69
2006-11-21,43.08,43.08,41.98,42.27,179900,42.27
2006-11-20,43.07,43.59,42.50,43.12,232900,43.12
2006-11-17,42.46,43.43,42.25,43.26,151800,43.26
2006-11-16,42.54,42.60,42.04,42.29,50200,42.29
2006-11-15,42.38,42.51,42.04,42.47,97700,42.47
2006-11-14,41.74,42.42,41.49,42.26,108100,42.26
2006-11-13,41.88,42.09,41.38,41.83,114100,41.83
2006-11-10,41.40,42.20,41.20,41.84,60400,41.84
2006-11-09,41.64,41.64,41.28,41.33,113400,41.33
2006-11-08,41.54,41.96,41.19,41.60,87900,41.60
2006-11-07,41.32,42.32,41.32,41.72,92600,41.72
2006-11-06,41.86,42.00,41.33,41.37,134600,41.37
2006-11-03,41.98,42.25,41.66,41.82,101800,41.82
2006-11-02,41.50,42.38,41.50,41.81,121200,41.81
2006-11-01,42.23,43.07,41.50,41.51,159600,41.51
2006-10-31,43.33,43.48,42.07,42.25,140500,42.25
2006-10-30,43.05,43.22,42.35,43.17,106900,43.17
2006-10-27,43.35,43.50,43.14,43.22,113000,43.22
2006-10-26,43.35,43.56,42.65,43.50,126300,43.50
2006-10-25,44.84,45.01,42.83,43.18,142200,43.18
2006-10-24,45.36,45.43,44.55,44.95,148800,44.95
2006-10-23,45.24,45.46,44.27,45.13,105400,45.13
2006-10-20,45.27,45.30,44.25,45.19,156900,45.19
2006-10-19,46.40,47.09,44.72,45.09,557800,45.09
2006-10-18,46.61,47.15,46.61,46.87,206400,46.87
2006-10-17,47.52,47.66,46.60,46.76,86800,46.76
2006-10-16,47.98,48.11,47.70,47.83,155700,47.83
2006-10-13,47.85,48.34,47.60,47.79,145900,47.79
2006-10-12,47.77,48.51,47.68,47.95,141800,47.95
2006-10-11,47.48,47.88,46.96,47.54,124600,47.54
2006-10-10,47.00,47.57,46.44,47.47,100200,47.47
2006-10-09,46.64,46.99,46.56,46.98,56100,46.98
2006-10-06,46.55,47.00,46.40,46.70,67100,46.70
2006-10-05,45.93,46.53,45.69,46.52,115600,46.52
2006-10-04,45.35,45.85,45.04,45.80,96900,45.80
2006-10-03,45.65,46.05,45.28,45.46,124700,45.46
2006-10-02,45.31,46.12,45.31,45.75,165800,45.75
2006-09-29,46.32,46.39,45.39,45.48,113200,45.48
2006-09-28,46.26,46.76,45.75,46.18,69800,46.18
2006-09-27,46.25,46.52,46.07,46.25,47500,46.25
2006-09-26,46.70,46.70,46.09,46.23,129400,46.23
2006-09-25,45.96,46.81,45.87,46.40,143000,46.40
2006-09-22,46.04,46.21,45.72,46.05,104300,46.05
2006-09-21,45.55,46.17,45.51,46.02,93200,46.02
2006-09-20,45.49,46.00,44.86,45.61,161600,45.61
2006-09-19,44.97,45.01,44.29,44.90,84500,44.90
2006-09-18,44.07,45.10,44.07,45.07,83200,45.07
2006-09-15,44.71,44.97,44.08,44.18,138100,44.18
2006-09-14,44.64,45.00,43.67,44.41,52200,44.41
2006-09-13,44.54,45.00,44.40,44.98,63100,44.98
2006-09-12,43.60,44.79,43.25,44.69,41000,44.69
2006-09-11,43.52,44.04,43.52,43.69,29800,43.69
2006-09-08,43.95,43.95,43.35,43.57,30900,43.57
2006-09-07,43.55,44.50,43.47,43.75,60500,43.75
2006-09-06,44.39,44.39,43.42,43.73,90800,43.73
2006-09-05,44.02,45.00,44.01,44.56,62500,44.56
2006-09-01,44.08,44.51,44.00,44.02,38000,44.02
2006-08-31,44.61,44.99,43.96,44.01,63200,44.01
2006-08-30,43.80,44.68,43.40,44.43,80100,44.43
2006-08-29,42.68,43.99,42.66,43.88,49800,43.88
2006-08-28,42.68,43.33,42.33,42.74,48900,42.74
2006-08-25,42.23,42.90,42.23,42.78,21200,42.78
2006-08-24,42.58,43.13,42.15,42.42,66500,42.42
2006-08-23,42.90,43.00,41.90,42.38,51800,42.38
2006-08-22,42.86,43.00,42.26,42.85,56900,42.85
2006-08-21,42.13,42.85,41.81,42.84,75900,42.84
2006-08-18,42.46,42.50,41.64,42.35,57700,42.35
2006-08-17,41.28,42.38,40.63,42.32,130900,42.32
2006-08-16,41.50,42.00,40.07,41.46,77000,41.46
2006-08-15,42.11,42.25,40.87,41.32,136000,41.32
2006-08-14,41.53,42.46,41.40,41.63,37600,41.63
2006-08-11,41.62,42.15,40.98,41.38,34500,41.38
2006-08-10,41.53,42.35,41.53,41.80,96700,41.80
2006-08-09,41.50,41.91,41.28,41.68,133900,41.68
2006-08-08,40.53,41.61,40.30,41.10,141800,41.10
2006-08-07,40.34,40.63,39.79,40.37,107100,40.37
2006-08-04,41.66,41.66,40.07,40.61,78700,40.61
2006-08-03,40.97,41.79,40.12,41.41,108100,41.41
2006-08-02,41.48,41.98,41.14,41.30,67700,41.30
2006-08-01,41.64,41.81,40.70,41.42,75300,41.42
2006-07-31,40.72,41.94,40.72,41.78,107400,41.78
2006-07-28,40.18,41.00,39.83,40.88,175400,40.88
2006-07-27,41.25,41.67,40.00,40.09,67700,40.09
2006-07-26,41.16,41.19,40.73,40.92,115800,40.92
2006-07-25,40.47,41.29,40.47,41.23,179600,41.23
2006-07-24,40.65,40.92,40.50,40.60,226700,40.60
2006-07-21,40.45,40.52,40.01,40.21,191700,40.21
2006-07-20,40.73,41.60,40.44,40.62,209700,40.62
2006-07-19,43.13,43.86,40.38,40.77,638700,40.77
2006-07-18,42.40,43.22,41.46,42.05,175300,42.05
2006-07-17,42.30,42.47,41.39,42.06,40500,42.06
2006-07-14,42.05,42.60,41.32,42.15,104400,42.15
2006-07-13,42.26,42.47,41.75,42.00,82100,42.00
2006-07-12,41.65,42.71,41.65,42.40,131400,42.40
2006-07-11,41.70,41.70,39.83,41.55,195900,41.55
2006-07-10,41.25,41.88,41.10,41.87,83000,41.87
2006-07-07,42.21,42.70,41.11,41.19,54200,41.19
2006-07-06,41.30,42.57,41.30,42.38,41500,42.38
2006-07-05,42.27,42.38,40.99,41.20,69900,41.20
2006-07-03,42.02,42.46,41.55,42.46,31200,42.46
2006-06-30,42.05,42.63,41.92,42.24,118200,42.24
2006-06-29,41.19,42.00,40.72,42.00,100200,42.00
2006-06-28,40.57,41.09,40.40,40.99,60500,40.99
2006-06-27,40.94,41.05,40.23,40.29,65900,40.29
2006-06-26,40.46,41.36,40.44,41.04,78900,41.04
2006-06-23,40.01,40.66,39.78,40.20,48300,40.20
2006-06-22,39.27,40.12,39.26,39.94,43700,39.94
2006-06-21,39.27,39.79,38.93,39.40,55700,39.40
2006-06-20,38.60,39.40,38.11,39.19,47700,39.19
2006-06-19,39.74,39.97,38.60,38.65,45900,38.65
2006-06-16,39.74,40.08,38.86,39.54,201800,39.54
2006-06-15,39.80,40.03,39.50,39.84,50000,39.84
2006-06-14,39.02,39.55,39.02,39.38,114200,39.38
2006-06-13,38.90,40.16,38.77,39.12,62400,39.12
2006-06-12,40.10,40.10,38.48,39.13,77400,39.13
2006-06-09,40.79,40.79,39.45,40.00,68100,40.00
2006-06-08,39.61,40.95,39.44,40.55,80300,40.55
2006-06-07,39.98,40.73,39.55,39.66,45600,39.66
2006-06-06,40.18,40.30,39.44,39.88,51700,39.88
2006-06-05,40.88,40.88,39.97,40.00,207400,40.00
2006-06-02,41.30,41.37,40.00,40.89,80900,40.89
2006-06-01,41.52,42.05,40.75,41.22,110900,41.22
2006-05-31,40.45,42.15,40.10,41.47,234900,41.47
2006-05-30,42.31,42.58,39.98,40.23,360700,40.23
2006-05-26,42.65,43.90,42.11,42.65,645400,42.65
2006-05-25,41.50,42.45,41.06,42.36,116000,42.36
2006-05-24,39.84,41.29,39.41,40.90,68200,40.90
2006-05-23,40.32,41.29,39.70,39.97,73800,39.97
2006-05-22,40.21,40.72,39.80,40.05,131500,40.05
2006-05-19,39.75,41.23,39.75,40.57,70900,40.57
2006-05-18,40.00,40.98,40.00,40.04,58800,40.04
2006-05-17,39.74,40.32,39.25,39.98,52200,39.98
2006-05-16,40.19,40.28,39.90,40.02,67500,40.02
2006-05-15,39.46,40.62,39.25,40.18,74600,40.18
2006-05-12,39.87,40.09,39.16,39.74,105700,39.74
2006-05-11,40.81,40.85,39.88,40.01,127200,40.01
2006-05-10,40.85,41.10,40.49,40.87,92400,40.87
2006-05-09,40.80,41.25,40.80,40.85,67800,40.85
2006-05-08,40.91,41.20,40.83,41.00,104500,41.00
2006-05-05,41.41,41.53,41.07,41.13,71700,41.13
2006-05-04,41.50,41.55,40.95,41.10,98400,41.10
2006-05-03,40.95,41.64,40.93,41.45,78100,41.45
2006-05-02,40.90,41.43,40.34,41.16,122300,41.16
2006-05-01,41.45,41.85,40.08,40.78,188100,40.78
2006-04-28,40.78,41.76,40.60,41.19,126500,41.19
2006-04-27,39.50,40.80,38.84,40.78,133600,40.78
2006-04-26,38.66,39.95,38.52,39.90,228400,39.90
2006-04-25,39.84,39.89,38.36,38.67,162300,38.67
2006-04-24,39.99,39.99,39.34,39.59,92400,39.59
2006-04-21,40.21,40.21,39.52,39.93,128200,39.93
2006-04-20,39.76,40.40,39.12,39.84,107500,39.84
2006-04-19,39.18,40.50,38.64,40.19,502100,40.19
2006-04-18,36.41,36.41,34.90,36.23,230600,36.23
2006-04-17,36.16,36.19,35.41,35.80,160800,35.80
2006-04-13,34.18,36.38,34.03,36.16,155800,36.16
2006-04-12,34.28,34.60,33.91,34.45,142400,34.45
2006-04-11,34.22,34.22,33.48,34.13,107700,34.13
2006-04-10,34.54,34.54,33.80,33.96,114100,33.96
2006-04-07,35.75,35.86,34.26,34.34,70100,34.34
2006-04-06,35.00,35.81,34.57,35.55,67800,35.55
2006-04-05,34.96,35.00,33.74,34.78,41200,34.78
2006-04-04,35.00,35.50,34.33,34.78,98300,34.78
2006-04-03,36.50,36.50,34.75,34.83,65500,34.83
2006-03-31,36.49,36.49,35.91,36.19,58000,36.19
2006-03-30,36.97,36.97,35.82,36.32,48300,36.32
2006-03-29,37.24,37.40,36.80,36.88,86000,36.88
2006-03-28,37.36,37.36,36.55,36.95,82600,36.95
2006-03-27,37.93,38.90,36.95,37.14,166900,37.14
2006-03-24,35.85,36.95,35.75,36.73,61500,36.73
2006-03-23,35.89,35.89,35.36,35.67,40600,35.67
2006-03-22,34.86,35.88,34.72,35.83,35100,35.83
2006-03-21,34.79,35.11,34.67,34.84,71000,34.84
2006-03-20,35.01,35.01,34.50,34.71,65600,34.71
2006-03-17,35.29,35.29,34.49,34.85,157100,34.85
2006-03-16,35.13,35.38,34.63,35.12,79200,35.12
2006-03-15,34.61,34.87,34.18,34.75,67100,34.75
2006-03-14,35.16,35.16,34.21,34.49,62500,34.49
2006-03-13,36.30,36.42,34.99,35.10,97700,35.10
2006-03-10,35.79,36.36,35.42,36.03,49500,36.03
2006-03-09,34.97,35.73,34.97,35.62,65700,35.62
2006-03-08,34.95,35.23,34.42,34.97,46900,34.97
2006-03-07,34.47,35.07,34.47,34.92,47700,34.92
2006-03-06,35.51,35.51,34.32,34.51,51700,34.51
2006-03-03,35.35,35.95,35.25,35.37,58700,35.37
2006-03-02,35.54,35.71,35.27,35.58,80900,35.58
2006-03-01,35.37,35.66,34.97,35.58,71300,35.58
2006-02-28,35.25,35.39,34.56,35.10,65600,35.10
2006-02-27,35.20,35.62,35.20,35.23,63000,35.23
2006-02-24,35.74,35.74,34.86,35.18,89000,35.18
2006-02-23,34.92,35.78,34.54,35.62,165600,35.62
2006-02-22,35.36,35.37,34.55,34.92,71400,34.92
2006-02-21,34.93,35.45,34.85,35.11,161400,35.11
2006-02-17,34.81,35.22,34.71,34.97,68600,34.97
2006-02-16,34.78,35.10,34.71,34.96,168000,34.96
2006-02-15,34.77,34.95,34.40,34.72,204800,34.72
2006-02-14,33.99,35.05,33.99,34.59,187400,34.59
2006-02-13,34.57,35.18,33.72,33.95,214300,33.95
2006-02-10,34.38,34.88,34.00,34.25,151300,34.25
2006-02-09,35.57,35.67,33.96,34.07,144600,34.07
2006-02-08,35.10,35.44,34.93,35.10,78000,35.10
2006-02-07,36.00,36.00,34.82,35.14,95500,35.14
2006-02-06,36.32,36.32,35.26,35.96,132100,35.96
2006-02-03,36.47,36.62,36.00,36.20,147100,36.20
2006-02-02,36.92,37.07,36.23,36.48,177800,36.48
2006-02-01,36.12,36.87,35.83,36.84,388800,36.84
2006-01-31,37.16,37.17,35.23,36.04,817000,36.04
2006-01-30,40.32,40.83,39.54,40.00,127100,40.00
2006-01-27,40.00,40.19,39.73,40.04,164400,40.04
2006-01-26,39.72,39.95,39.40,39.59,120200,39.59
2006-01-25,39.01,39.92,37.13,39.33,227200,39.33
2006-01-24,40.00,40.04,39.30,39.49,53300,39.49
2006-01-23,39.15,39.82,39.10,39.64,60000,39.64
2006-01-20,40.17,40.28,38.94,39.21,69200,39.21
2006-01-19,40.13,40.16,39.51,40.00,258000,40.00
2006-01-18,39.50,40.36,39.28,39.90,127300,39.90
2006-01-17,39.95,40.43,39.59,39.97,99100,39.97
2006-01-13,40.31,41.20,40.09,40.09,156400,40.09
2006-01-12,40.30,40.46,39.91,40.01,96000,40.01
2006-01-11,41.04,41.07,40.09,40.61,170000,40.61
2006-01-10,41.05,41.61,40.90,41.03,171600,41.03
2006-01-09,42.07,43.09,41.87,42.44,191200,42.44
2006-01-06,41.79,42.17,41.21,42.01,154300,42.01
2006-01-05,41.03,41.61,40.34,41.48,300000,41.48
2006-01-04,40.09,41.11,39.34,40.76,176300,40.76
2006-01-03,39.51,40.58,39.18,40.41,395400,40.41
2005-12-30,39.40,39.46,38.49,39.21,72600,39.21
2005-12-29,39.80,39.80,39.30,39.55,64000,39.55
2005-12-28,39.58,39.76,39.05,39.62,80700,39.62
2005-12-27,39.60,39.85,39.20,39.38,70000,39.38
2005-12-23,39.66,39.97,39.37,39.61,36700,39.61
2005-12-22,40.00,40.00,39.42,39.75,70100,39.75
2005-12-21,40.13,40.13,39.73,40.00,129400,40.00
2005-12-20,39.81,40.00,39.41,39.95,67900,39.95
2005-12-19,39.80,40.16,38.91,39.89,100400,39.89
2005-12-16,39.65,40.00,39.63,40.00,203700,40.00
2005-12-15,39.25,39.72,39.18,39.62,78000,39.62
2005-12-14,39.44,39.84,39.23,39.39,195100,39.39
2005-12-13,38.25,39.50,38.23,39.13,188700,39.13
2005-12-12,38.36,38.80,38.20,38.35,212600,38.35
2005-12-09,38.25,38.35,37.93,38.07,94600,38.07
2005-12-08,37.75,38.21,37.68,38.05,95000,38.05
2005-12-07,39.01,39.01,37.32,37.95,272100,37.95
2005-12-06,38.88,39.67,38.61,38.84,207400,38.84
2005-12-05,38.50,39.18,38.36,39.00,184000,39.00
2005-12-02,37.79,38.46,37.41,38.46,101700,38.46
2005-12-01,35.83,37.85,35.83,37.79,146400,37.79
2005-11-30,36.00,36.48,35.67,35.98,51400,35.98
2005-11-29,35.34,36.35,35.34,35.84,42400,35.84
2005-11-28,36.00,36.40,35.01,35.18,92800,35.18
2005-11-25,35.98,35.98,35.44,35.84,7400,35.84
2005-11-23,35.00,36.00,35.00,35.79,33200,35.79
2005-11-22,35.15,35.50,34.80,35.05,148300,35.05
2005-11-21,35.65,35.93,35.00,35.21,131300,35.21
2005-11-18,35.98,36.00,35.63,35.77,88700,35.77
2005-11-17,35.22,35.84,34.84,35.61,49200,35.61
2005-11-16,34.87,35.05,34.79,34.96,36200,34.96
2005-11-15,34.69,35.36,34.43,34.97,89600,34.97
2005-11-14,35.33,35.33,33.70,34.52,74500,34.52
2005-11-11,34.83,35.70,34.80,35.06,112600,35.06
2005-11-10,34.99,35.09,34.75,34.99,67800,34.99
2005-11-09,34.71,35.10,34.68,34.96,126400,34.96
2005-11-08,34.69,34.87,34.49,34.63,73600,34.63
2005-11-07,34.40,35.00,34.40,34.86,107400,34.86
2005-11-04,34.59,34.99,34.40,34.58,96300,34.58
2005-11-03,35.10,35.10,34.00,34.61,126600,34.61
2005-11-02,34.50,35.18,34.49,35.01,213000,35.01
2005-11-01,34.70,34.91,33.96,34.53,150300,34.53
2005-10-31,34.72,35.21,34.47,34.91,266000,34.91
2005-10-28,33.75,34.57,33.58,34.49,85300,34.49
2005-10-27,34.78,34.80,33.57,33.58,88100,33.58
2005-10-26,34.59,34.80,34.35,34.65,106500,34.65
2005-10-25,34.48,34.68,33.93,34.59,82700,34.59
2005-10-24,34.04,34.48,33.93,34.34,102500,34.34
2005-10-21,33.99,34.74,33.91,34.13,286400,34.13
2005-10-20,32.36,34.00,32.36,33.87,538800,33.87
2005-10-19,31.80,32.98,31.41,32.52,994400,32.52
2005-10-18,28.66,28.93,27.55,27.70,161200,27.70
2005-10-17,28.56,28.83,28.36,28.83,68100,28.83
2005-10-14,28.03,28.77,27.81,28.59,102500,28.59
2005-10-13,27.02,28.09,27.02,27.64,89900,27.64
2005-10-12,27.30,27.55,26.41,27.09,112300,27.09
2005-10-11,27.91,28.77,27.31,27.34,76500,27.34
2005-10-10,27.98,28.49,27.59,27.83,77800,27.83
2005-10-07,27.53,28.86,27.53,28.14,51700,28.14
2005-10-06,28.36,28.62,27.38,27.70,55200,27.70
2005-10-05,29.35,29.43,28.15,28.31,75000,28.31
2005-10-04,28.87,29.25,28.49,29.25,93600,29.25
2005-10-03,28.67,29.11,28.67,28.97,107200,28.97
2005-09-30,29.00,29.01,27.28,28.76,391100,28.76
2005-09-29,28.69,29.28,28.52,28.83,44000,28.83
2005-09-28,28.94,29.27,28.19,28.86,37100,28.86
2005-09-27,28.34,29.48,28.07,28.62,81800,28.62
2005-09-26,28.25,29.33,27.90,28.42,85800,28.42
2005-09-23,27.99,29.40,27.65,28.07,118700,28.07
2005-09-22,27.76,28.17,27.49,27.81,102900,27.81
2005-09-21,28.01,28.24,27.39,27.83,53200,27.83
2005-09-20,28.78,28.98,28.10,28.19,96200,28.19
2005-09-19,28.18,28.78,28.18,28.73,39200,28.73
2005-09-16,28.53,28.63,28.07,28.27,138400,28.27
2005-09-15,28.18,28.62,28.01,28.30,50400,28.30
2005-09-14,29.38,29.71,28.02,28.17,81500,28.17
2005-09-13,29.96,29.99,28.67,29.23,34300,29.23
2005-09-12,29.24,30.27,29.20,30.16,55100,30.16
2005-09-09,29.98,29.98,29.26,29.34,60700,29.34
2005-09-08,30.14,30.38,29.46,29.73,41900,29.73
2005-09-07,30.44,30.44,29.86,30.28,95600,30.28
2005-09-06,30.50,30.51,30.19,30.50,94700,30.50
2005-09-02,30.30,30.97,30.29,30.42,38700,30.42
2005-09-01,30.51,31.35,29.92,30.43,123100,30.43
2005-08-31,29.99,30.40,29.91,30.37,111600,30.37
2005-08-30,30.29,30.39,29.81,30.12,81600,30.12
2005-08-29,30.18,30.45,29.83,30.39,103000,30.39
2005-08-26,30.00,30.22,29.80,30.10,65200,30.10
2005-08-25,30.00,30.41,30.00,30.08,55800,30.08
2005-08-24,30.10,30.51,29.85,30.15,66500,30.15
2005-08-23,30.20,30.79,30.00,30.19,75000,30.19
2005-08-22,30.13,30.49,29.88,30.20,65600,30.20
2005-08-19,29.95,30.45,29.95,30.21,104800,30.21
2005-08-18,30.15,30.20,29.70,30.00,76500,30.00
2005-08-17,29.91,30.40,29.77,30.19,102200,30.19
2005-08-16,29.80,30.20,29.76,30.17,130000,30.17
2005-08-15,30.00,30.15,29.52,30.00,47800,30.00
2005-08-12,30.33,30.42,29.52,29.77,64100,29.77
2005-08-11,30.16,30.61,30.16,30.48,117600,30.48
2005-08-10,30.46,30.81,29.81,30.23,51500,30.23
2005-08-09,30.08,30.89,29.80,30.34,355500,30.34
2005-08-08,30.19,30.20,29.82,29.96,107400,29.96
2005-08-05,30.80,30.80,29.62,30.11,156500,30.11
2005-08-04,32.50,33.03,30.85,30.85,112600,30.85
2005-08-03,32.64,32.87,32.29,32.67,69400,32.67
2005-08-02,32.93,33.58,32.50,32.81,59300,32.81
2005-08-01,33.08,33.75,32.69,33.00,79300,33.00
2005-07-29,33.02,33.68,32.19,33.02,128100,33.02
2005-07-28,32.85,33.32,32.79,33.24,98700,33.24
2005-07-27,33.20,33.48,32.51,32.93,88600,32.93
2005-07-26,32.78,33.56,32.78,33.16,117800,33.16
2005-07-25,33.89,33.99,32.69,32.77,77700,32.77
2005-07-22,33.02,33.94,33.02,33.90,66900,33.90
2005-07-21,34.22,34.32,33.02,33.15,83400,33.15
2005-07-20,33.95,34.88,33.95,34.43,146000,34.43
2005-07-19,34.39,34.88,33.05,33.87,471300,33.87
2005-07-18,32.43,32.43,31.66,31.89,156700,31.89
2005-07-15,32.15,32.58,31.91,32.20,88900,32.20
2005-07-14,32.50,32.50,31.63,32.15,109300,32.15
2005-07-13,32.30,32.89,32.13,32.13,75400,32.13
2005-07-12,32.39,32.67,31.94,32.30,72600,32.30
2005-07-11,32.27,33.80,32.11,32.44,95600,32.44
2005-07-08,32.40,32.49,31.58,32.43,127600,32.43
2005-07-07,31.35,32.45,30.14,32.35,85200,32.35
2005-07-06,32.84,32.88,31.73,31.88,73800,31.88
2005-07-05,31.77,32.75,31.22,32.75,63500,32.75
2005-07-01,32.25,32.28,31.20,31.69,47500,31.69
2005-06-30,32.18,32.83,32.01,32.17,120400,32.17
2005-06-29,31.85,32.50,31.50,31.91,109500,31.91
2005-06-28,30.84,31.98,30.76,31.83,68500,31.83
2005-06-27,30.68,30.72,29.91,30.69,55200,30.69
2005-06-24,31.83,31.83,30.20,30.70,199400,30.70
2005-06-23,31.15,31.81,31.03,31.75,84500,31.75
2005-06-22,31.46,31.95,30.93,31.23,79200,31.23
2005-06-21,31.45,31.85,31.07,31.07,33800,31.07
2005-06-20,32.03,32.03,31.28,31.53,49600,31.53
2005-06-17,32.39,32.45,32.00,32.04,241400,32.04
2005-06-16,31.80,32.47,31.54,32.15,78600,32.15
2005-06-15,31.35,31.69,30.37,31.64,84900,31.64
2005-06-14,30.77,31.14,30.05,30.97,40700,30.97
2005-06-13,30.75,31.14,30.26,30.98,47100,30.98
2005-06-10,30.37,30.85,30.13,30.52,45500,30.52
2005-06-09,30.32,30.44,30.02,30.37,37000,30.37
2005-06-08,31.00,31.00,30.20,30.53,35300,30.53
2005-06-07,31.18,31.34,30.96,31.01,63600,31.01
2005-06-06,31.43,31.63,31.20,31.26,96500,31.26
2005-06-03,30.87,31.59,30.09,31.48,119700,31.48
2005-06-02,31.66,31.75,30.01,31.03,248000,31.03
2005-06-01,33.20,33.67,31.88,32.40,144200,32.40
2005-05-31,34.07,34.38,32.71,32.97,274900,32.97
2005-05-27,34.15,34.28,33.85,34.08,29600,34.08
2005-05-26,33.87,34.60,33.80,34.06,34300,34.06
2005-05-25,34.54,34.62,33.96,34.11,70900,34.11
2005-05-24,33.80,34.98,32.94,34.28,131700,34.28
2005-05-23,34.99,34.99,33.46,33.97,198200,33.97
2005-05-20,34.88,35.24,34.73,35.00,82400,35.00
2005-05-19,35.27,35.27,34.85,34.89,66700,34.89
2005-05-18,34.53,35.74,34.53,35.28,174000,35.28
2005-05-17,35.03,35.11,34.59,34.86,48000,34.86
2005-05-16,34.36,35.45,34.12,35.29,104200,35.29
2005-05-13,35.87,36.25,34.38,34.56,153400,34.56
2005-05-12,36.35,36.35,35.84,35.86,55600,35.86
2005-05-11,35.69,36.26,35.20,36.19,74200,36.19
2005-05-10,35.81,36.00,35.14,35.52,65400,35.52
2005-05-09,35.43,36.36,35.00,36.36,78600,36.36
2005-05-06,35.85,36.25,35.61,35.70,74400,35.70
2005-05-05,35.91,36.11,35.23,35.67,66000,35.67
2005-05-04,35.80,36.46,35.80,36.18,114200,36.18
2005-05-03,36.26,36.26,35.65,35.97,105400,35.97
2005-05-02,35.25,36.46,35.25,36.08,89300,36.08
2005-04-29,35.97,36.27,34.59,35.43,254700,35.43
2005-04-28,35.72,36.23,35.35,35.87,102800,35.87
2005-04-27,36.18,36.18,35.10,35.97,224000,35.97
2005-04-26,35.60,36.36,35.60,36.11,85200,36.11
2005-04-25,35.58,36.60,35.20,36.04,167500,36.04
2005-04-22,35.87,36.59,35.00,35.74,200900,35.74
2005-04-21,36.31,36.74,35.80,36.26,274600,36.26
2005-04-20,35.18,37.20,35.18,35.51,525800,35.51
2005-04-19,35.37,37.71,34.38,35.18,1779200,35.18
2005-04-18,32.59,33.34,31.79,31.81,160700,31.81
2005-04-15,32.82,33.24,32.60,32.86,94400,32.86
2005-04-14,33.54,33.83,32.86,32.86,75300,32.86
2005-04-13,34.27,34.27,33.18,33.82,55000,33.82
2005-04-12,33.50,34.17,33.03,34.10,95900,34.10
2005-04-11,34.02,34.45,33.53,33.61,97300,33.61
2005-04-08,34.49,34.62,34.00,34.26,118800,34.26
2005-04-07,35.10,35.10,34.32,34.50,64800,34.50
2005-04-06,35.10,35.10,34.51,34.75,86600,34.75
2005-04-05,34.42,34.99,34.04,34.82,124400,34.82
2005-04-04,34.30,34.36,33.61,34.09,124100,34.09
2005-04-01,35.21,35.41,33.72,34.06,237300,34.06
2005-03-31,35.19,36.00,35.19,35.50,223000,35.50
2005-03-30,35.84,36.04,35.10,35.53,179000,35.53
2005-03-29,36.41,36.73,35.85,35.99,139800,35.99
2005-03-28,36.04,36.81,36.00,36.33,152500,36.33
2005-03-24,35.90,36.48,35.74,36.04,99000,36.04
2005-03-23,35.13,36.48,35.09,35.71,113800,35.71
2005-03-22,35.20,35.57,34.76,35.44,140500,35.44
2005-03-21,35.11,35.17,34.35,34.89,72700,34.89
2005-03-18,35.00,35.91,34.38,34.91,230000,34.91
2005-03-17,35.12,35.13,34.50,34.77,84600,34.77
2005-03-16,34.74,35.33,34.59,34.72,71200,34.72
2005-03-15,34.90,35.48,34.73,35.06,114600,35.06
2005-03-14,34.43,35.32,34.43,35.10,241400,35.10
2005-03-11,34.65,35.31,34.33,34.84,83600,34.84
2005-03-10,34.00,35.10,33.99,34.75,253900,34.75
2005-03-09,33.35,34.52,33.30,34.20,160600,34.20
2005-03-08,33.36,33.90,33.18,33.60,89900,33.60
2005-03-07,33.79,34.10,33.41,33.41,74300,33.41
2005-03-04,33.40,34.76,33.13,33.57,102300,33.57
2005-03-03,32.06,33.39,31.89,33.24,254500,33.24
2005-03-02,31.75,33.59,31.75,32.46,297300,32.46
2005-03-01,30.84,32.18,30.62,31.98,390200,31.98
2005-02-28,30.03,30.71,28.65,30.62,156600,30.62
2005-02-25,29.20,30.03,29.20,29.91,71500,29.91
2005-02-24,28.10,29.27,28.10,29.16,45500,29.16
2005-02-23,28.43,29.95,28.07,28.28,150200,28.28
2005-02-22,28.98,28.98,27.99,28.20,146000,28.20
2005-02-18,28.19,28.81,28.19,28.61,116300,28.61
2005-02-17,29.29,29.75,28.19,28.27,182800,28.27
2005-02-16,28.47,29.25,28.47,28.87,149000,28.87
2005-02-15,28.12,28.90,28.12,28.76,146300,28.76
2005-02-14,28.24,28.80,28.05,28.69,70100,28.69
2005-02-11,28.40,28.58,27.45,28.42,196600,28.42
2005-02-10,27.69,28.82,27.38,28.66,193300,28.66
2005-02-09,28.12,28.45,27.32,27.43,110400,27.43
2005-02-08,28.91,28.91,28.17,28.27,181700,28.27
2005-02-07,28.32,30.49,28.32,28.70,425800,28.70
2005-02-04,26.74,28.69,26.59,28.55,395700,28.55
2005-02-03,26.20,27.15,24.96,26.52,1490500,26.52
2005-02-02,25.47,25.87,25.47,25.82,89800,25.82
2005-02-01,25.82,26.19,25.40,25.63,129900,25.63
2005-01-31,25.44,26.43,25.30,26.34,136200,26.34
2005-01-28,25.04,25.50,25.00,25.15,145100,25.15
2005-01-27,25.18,25.18,24.83,24.98,98300,24.98
2005-01-26,24.65,25.28,24.65,25.16,75200,25.16
2005-01-25,24.77,25.05,24.62,24.74,223700,24.74
2005-01-24,24.86,25.03,24.54,24.61,130300,24.61
2005-01-21,24.75,25.04,24.45,24.79,48300,24.79
2005-01-20,24.63,24.88,24.29,24.72,60500,24.72
2005-01-19,25.03,25.05,24.42,24.65,57500,24.65
2005-01-18,24.31,25.00,24.31,24.86,71000,24.86
2005-01-14,24.17,24.42,23.80,24.42,87200,24.42
2005-01-13,23.95,24.23,23.66,24.02,64100,24.02
2005-01-12,23.35,24.00,23.13,23.95,141200,23.95
2005-01-11,23.50,23.95,23.01,23.21,154700,23.21
2005-01-10,23.76,24.46,23.54,23.62,85800,23.62
2005-01-07,24.48,24.50,23.50,23.89,112800,23.89
2005-01-06,24.50,24.81,24.30,24.35,136300,24.35
2005-01-05,25.35,25.50,24.57,24.65,87300,24.65
2005-01-04,26.27,26.38,24.85,25.66,102900,25.66
2005-01-03,27.07,27.45,25.63,26.38,130500,26.38
2004-12-31,27.57,27.57,27.05,27.34,65000,27.34
2004-12-30,27.29,27.81,26.67,27.64,55300,27.64
2004-12-29,26.08,28.23,26.08,27.47,122300,27.47
2004-12-28,25.79,26.41,25.75,26.34,56800,26.34
2004-12-27,26.42,26.46,25.84,25.88,45400,25.88
2004-12-23,26.41,26.41,25.99,26.26,46700,26.26
2004-12-22,25.70,26.25,25.70,26.15,53000,26.15
2004-12-21,25.50,26.66,25.23,25.48,145200,25.48
2004-12-20,26.12,26.14,25.36,25.37,76100,25.37
2004-12-17,26.31,26.66,25.04,26.03,288000,26.03
2004-12-16,26.26,26.60,26.12,26.59,47800,26.59
2004-12-15,25.89,26.50,25.70,26.43,67300,26.43
2004-12-14,25.79,26.19,25.62,26.18,49300,26.18
2004-12-13,24.99,26.20,24.99,26.02,63000,26.02
2004-12-10,25.43,25.59,24.90,25.27,88000,25.27
2004-12-09,25.59,25.68,24.96,25.43,68600,25.43
2004-12-08,24.90,25.56,24.72,25.51,218200,25.51
2004-12-07,25.19,25.27,24.92,24.92,167100,24.92
2004-12-06,25.40,25.60,25.30,25.31,162000,25.31
2004-12-03,25.87,26.10,25.43,25.61,224200,25.61
2004-12-02,25.70,26.10,25.63,25.87,74700,25.87
2004-12-01,25.18,25.75,25.14,25.63,126000,25.63
2004-11-30,24.53,25.09,24.53,24.95,100400,24.95
2004-11-29,24.50,24.89,24.05,24.77,55000,24.77
2004-11-26,24.38,24.45,24.11,24.21,29000,24.21
2004-11-24,23.85,24.37,23.85,24.25,68300,24.25
2004-11-23,24.22,24.22,23.80,24.03,79900,24.03
2004-11-22,23.83,24.10,23.83,24.07,114200,24.07
2004-11-19,23.77,24.00,23.76,23.93,81700,23.93
2004-11-18,24.16,24.37,23.98,24.10,72800,24.10
2004-11-17,24.33,24.56,24.16,24.27,80100,24.27
2004-11-16,24.22,24.44,23.98,24.07,113100,24.07
2004-11-15,24.23,24.43,23.90,24.43,48300,24.43
2004-11-12,24.25,24.29,23.77,24.02,446100,24.02
2004-11-11,23.54,24.23,23.54,24.03,114100,24.03
2004-11-10,22.79,23.60,22.50,23.54,84700,23.54
2004-11-09,22.28,22.76,22.28,22.73,138800,22.73
2004-11-08,22.61,22.75,22.17,22.40,164300,22.40
2004-11-05,22.40,22.80,22.21,22.39,115200,22.39
2004-11-04,22.01,22.43,22.01,22.13,174300,22.13
2004-11-03,22.02,22.40,22.02,22.10,104700,22.10
2004-11-02,21.93,22.34,21.93,22.05,218500,22.05
2004-11-01,22.16,22.58,21.92,21.98,181500,21.98
2004-10-29,22.72,22.89,22.29,22.45,95900,22.45
2004-10-28,22.54,23.30,22.46,22.72,327400,22.72
2004-10-27,21.98,22.73,21.98,22.57,98700,22.57
2004-10-26,22.08,22.50,21.95,21.98,117900,21.98
2004-10-25,22.59,22.59,22.00,22.20,110400,22.20
2004-10-22,22.01,22.49,22.00,22.37,92600,22.37
2004-10-21,22.22,22.22,21.95,22.01,147900,22.01
2004-10-20,22.89,23.10,22.00,22.09,122300,22.09
2004-10-19,22.99,23.25,22.12,23.05,439200,23.05
2004-10-18,20.30,23.00,19.98,22.33,1431000,22.33
2004-10-15,26.00,26.00,25.40,25.40,81600,25.40
2004-10-14,25.94,26.07,25.43,25.89,94000,25.89
2004-10-13,25.58,26.15,25.09,25.94,74300,25.94
2004-10-12,25.18,25.68,24.90,25.59,88000,25.59
2004-10-11,25.43,25.61,25.12,25.13,56100,25.13
2004-10-08,26.62,26.62,25.25,25.35,94200,25.35
2004-10-07,27.24,27.30,26.56,26.56,39100,26.56
2004-10-06,27.39,27.61,27.00,27.33,112800,27.33
2004-10-05,27.49,27.52,27.05,27.37,67200,27.37
2004-10-04,26.47,27.48,26.47,27.46,68600,27.46
2004-10-01,25.92,26.63,25.92,26.37,49700,26.37
2004-09-30,25.82,26.25,25.70,26.04,54500,26.04
2004-09-29,25.90,26.07,25.75,25.92,48500,25.92
2004-09-28,25.33,25.90,25.27,25.84,70700,25.84
2004-09-27,25.58,25.84,25.36,25.40,119200,25.40
2004-09-24,26.95,27.07,25.61,25.62,96800,25.62
2004-09-23,26.86,27.17,26.63,26.95,53700,26.95
2004-09-22,26.80,27.03,26.80,26.86,228400,26.86
2004-09-21,27.09,27.30,26.70,26.90,71600,26.90
2004-09-20,27.47,27.61,26.68,26.98,54300,26.98
2004-09-17,28.42,28.43,27.31,27.60,62200,27.60
2004-09-16,27.51,27.85,27.40,27.65,45200,27.65
2004-09-15,27.43,27.84,27.40,27.79,44300,27.79
2004-09-14,27.00,27.68,26.97,27.66,52300,27.66
2004-09-13,27.57,27.76,27.07,27.26,49700,27.26
2004-09-10,27.50,27.64,27.40,27.49,53100,27.49
2004-09-09,27.72,27.99,27.40,27.53,36200,27.53
2004-09-08,26.97,27.94,26.95,27.50,42900,27.50
2004-09-07,26.98,27.80,26.98,27.24,72300,27.24
2004-09-03,27.16,27.30,26.78,27.30,28300,27.30
2004-09-02,27.07,27.19,26.89,27.15,72400,27.15
2004-09-01,26.44,27.35,26.42,27.15,178100,27.15
2004-08-31,26.36,26.63,25.57,26.19,70400,26.19
2004-08-30,26.21,26.60,26.13,26.22,250200,26.22
2004-08-27,26.40,26.87,26.30,26.54,102000,26.54
2004-08-26,26.20,26.56,25.94,26.15,58600,26.15
2004-08-25,26.22,26.70,26.22,26.48,104500,26.48
2004-08-24,26.21,26.30,25.97,26.10,53400,26.10
2004-08-23,25.80,26.15,25.80,25.87,73000,25.87
2004-08-20,25.94,26.10,25.77,25.96,184100,25.96
2004-08-19,25.91,26.70,25.74,25.80,151000,25.80
2004-08-18,26.59,27.03,26.10,26.11,310800,26.11
2004-08-17,26.95,27.30,26.73,26.80,78900,26.80
2004-08-16,27.74,28.05,27.11,27.20,163000,27.20
2004-08-13,27.46,27.95,27.21,27.58,70400,27.58
2004-08-12,27.64,27.90,27.25,27.25,95300,27.25
2004-08-11,27.64,28.02,27.39,27.79,80900,27.79
2004-08-10,27.38,27.80,27.38,27.71,33900,27.71
2004-08-09,27.45,27.54,27.30,27.36,52000,27.36
2004-08-06,27.71,27.92,27.48,27.52,122600,27.52
2004-08-05,28.30,28.67,27.75,27.87,123000,27.87
2004-08-04,28.30,28.73,27.69,28.44,91500,28.44
2004-08-03,28.35,29.03,28.06,28.72,110700,28.72
2004-08-02,27.67,28.34,27.67,28.34,49100,28.34
2004-07-30,27.63,28.54,27.50,27.80,82300,27.80
2004-07-29,27.35,27.79,27.10,27.49,91300,27.49
2004-07-28,27.55,27.95,27.14,27.42,89600,27.42
2004-07-27,27.26,28.06,27.10,27.69,152500,27.69
2004-07-26,27.35,27.74,27.35,27.48,63400,27.48
2004-07-23,27.72,28.02,27.37,27.37,83700,27.37
2004-07-22,27.55,28.14,27.55,27.86,84900,27.86
2004-07-21,28.38,28.39,27.57,27.57,92000,27.57
2004-07-20,27.87,28.43,27.66,28.20,189100,28.20
2004-07-19,26.65,27.89,26.62,27.50,395900,27.50
2004-07-16,28.69,29.46,26.60,26.95,1270300,26.95
2004-07-15,30.01,30.54,29.80,30.00,204000,30.00
2004-07-14,30.26,30.58,30.00,30.00,100900,30.00
2004-07-13,30.30,30.65,30.30,30.32,132600,30.32
2004-07-12,31.08,31.08,30.11,30.40,120300,30.40
2004-07-09,31.14,31.50,30.77,30.84,68200,30.84
2004-07-08,32.63,32.90,31.14,31.22,110800,31.22
2004-07-07,32.56,33.00,32.55,32.69,67100,32.69
2004-07-06,33.07,33.35,32.52,32.90,103000,32.90
2004-07-02,33.50,33.94,32.76,33.05,109000,33.05
2004-07-01,33.64,34.17,33.24,33.54,146200,33.54
2004-06-30,33.47,33.70,33.22,33.53,138100,33.53
2004-06-29,33.17,33.66,32.97,33.57,47400,33.57
2004-06-28,33.49,33.53,32.91,32.98,92000,32.98
2004-06-25,32.70,33.92,32.64,33.90,164800,33.90
2004-06-24,33.24,33.31,32.74,33.10,57700,33.10
2004-06-23,32.91,33.02,32.65,32.78,57800,32.78
2004-06-22,32.90,33.07,32.68,33.00,97000,33.00
2004-06-21,33.15,33.15,32.83,32.83,152800,32.83
2004-06-18,33.17,33.35,32.82,32.89,175100,32.89
2004-06-17,33.56,33.72,33.16,33.36,80200,33.36
2004-06-16,33.98,34.07,33.00,33.49,44700,33.49
2004-06-15,33.04,34.08,33.00,33.64,79400,33.64
2004-06-14,34.50,34.50,33.29,33.34,69400,33.34
2004-06-10,34.55,34.84,34.25,34.37,98100,34.37
2004-06-09,35.17,35.23,34.59,34.59,91900,34.59
2004-06-08,35.00,35.14,34.71,35.00,146800,35.00
2004-06-07,34.35,35.17,34.29,35.00,181700,35.00
2004-06-04,33.92,34.50,33.91,34.48,67100,34.48
2004-06-03,34.02,34.53,33.77,33.77,57500,33.77
2004-06-02,32.92,34.24,32.91,34.23,87200,34.23
2004-06-01,33.23,33.28,32.69,33.20,45600,33.20
2004-05-28,33.25,33.58,33.00,33.31,40900,33.31
2004-05-27,33.09,33.40,33.09,33.25,83900,33.25
2004-05-26,33.61,33.61,33.09,33.25,64900,33.25
2004-05-25,33.13,33.95,33.03,33.61,55300,33.61
2004-05-24,32.96,33.44,32.36,33.42,77000,33.42
2004-05-21,33.33,33.43,32.91,33.10,47300,33.10
2004-05-20,32.85,33.60,32.75,33.19,90800,33.19
2004-05-19,32.04,33.18,32.00,33.11,171100,33.11
2004-05-18,32.01,32.51,31.99,32.10,26900,32.10
2004-05-17,32.15,32.43,31.90,32.04,54600,32.04
2004-05-14,32.69,32.75,32.12,32.25,49600,32.25
2004-05-13,33.65,33.68,32.64,32.71,41500,32.71
2004-05-12,32.66,34.38,32.25,33.68,126000,33.68
2004-05-11,32.66,33.01,32.66,32.86,44900,32.86
2004-05-10,33.16,33.16,32.47,32.68,87400,32.68
2004-05-07,34.00,34.29,33.30,33.68,78300,33.68
2004-05-06,34.75,34.75,34.03,34.03,84000,34.03
2004-05-05,34.02,34.99,33.53,34.67,103500,34.67
2004-05-04,33.63,34.54,33.45,33.90,82900,33.90
2004-05-03,33.27,33.91,32.92,33.86,297200,33.86
2004-04-30,34.20,34.65,33.36,33.38,143500,33.38
2004-04-29,34.07,34.77,34.07,34.40,159000,34.40
2004-04-28,34.49,34.68,33.87,34.34,154500,34.34
2004-04-27,34.25,34.70,34.12,34.33,81500,34.33
2004-04-26,34.03,34.59,33.94,34.43,134700,34.43
2004-04-23,34.37,34.70,33.91,34.21,95400,34.21
2004-04-22,33.40,34.65,33.20,34.37,156300,34.37
2004-04-21,33.24,33.92,32.96,33.92,144500,33.92
2004-04-20,31.71,33.78,31.70,33.25,160000,33.25
2004-04-19,31.50,32.11,31.40,32.09,83800,32.09
2004-04-16,30.56,32.31,30.08,31.43,219000,31.43
2004-04-15,31.82,31.93,31.02,31.07,128100,31.07
2004-04-14,32.70,32.70,31.59,31.90,87400,31.90
2004-04-13,32.43,32.60,31.81,32.00,167200,32.00
2004-04-12,32.83,32.97,32.35,32.58,100500,32.58
2004-04-08,32.81,33.10,32.12,32.50,114800,32.50
2004-04-07,32.46,32.99,32.30,32.90,164900,32.90
2004-04-06,32.80,32.95,32.30,32.65,111600,32.65
2004-04-05,31.91,32.77,31.91,32.77,128800,32.77
2004-04-02,31.25,32.55,31.25,32.15,285900,32.15
2004-04-01,30.10,31.20,30.10,31.05,83300,31.05
2004-03-31,30.16,30.49,29.89,30.37,124800,30.37
2004-03-30,29.86,30.27,29.65,29.75,133000,29.75
2004-03-29,29.05,30.48,28.54,30.13,175100,30.13
2004-03-26,28.79,29.01,27.55,28.97,214200,28.97
2004-03-25,28.18,29.30,28.10,28.57,187300,28.57
2004-03-24,28.16,28.34,27.92,28.02,68700,28.02
2004-03-23,27.91,28.50,27.91,28.22,128600,28.22
2004-03-22,28.46,28.58,27.71,27.90,156000,27.90
2004-03-19,29.26,29.48,28.46,28.58,75100,28.58
2004-03-18,29.45,29.65,28.90,28.94,120200,28.94
2004-03-17,29.55,30.39,29.55,29.93,50100,29.93
2004-03-16,29.54,30.14,29.51,29.78,59900,29.78
2004-03-15,30.48,30.70,29.50,29.51,94500,29.51
2004-03-12,30.04,30.85,30.00,30.71,52000,30.71
2004-03-11,30.74,30.75,29.75,30.16,96700,30.16
2004-03-10,29.77,31.19,29.56,30.79,136000,30.79
2004-03-09,31.56,31.56,29.50,29.87,256100,29.87
2004-03-08,31.33,31.62,31.25,31.34,50900,31.34
2004-03-05,31.49,31.67,31.29,31.40,70600,31.40
2004-03-04,32.22,32.22,31.34,31.48,163000,31.48
2004-03-03,33.26,33.26,32.02,32.19,52600,32.19
2004-03-02,33.64,33.90,32.40,32.93,54700,32.93
2004-03-01,33.11,33.72,32.70,33.72,51300,33.72
2004-02-27,33.39,34.01,33.30,33.31,81100,33.31
2004-02-26,33.68,34.06,33.36,33.84,89100,33.84
2004-02-25,32.15,33.67,32.00,33.41,114100,33.41
2004-02-24,31.61,32.42,31.31,32.15,75500,32.15
2004-02-23,32.60,32.66,31.21,31.42,89100,31.42
2004-02-20,32.60,33.10,32.31,32.31,62800,32.31
2004-02-19,33.59,33.84,32.60,32.60,151600,32.60
2004-02-18,32.57,34.00,32.57,33.55,156200,33.55
2004-02-17,32.91,32.99,32.34,32.75,104800,32.75
2004-02-13,34.60,34.60,32.94,32.95,136900,32.95
2004-02-12,34.80,34.80,34.17,34.50,60600,34.50
2004-02-11,34.61,34.75,34.50,34.75,37200,34.75
2004-02-10,34.93,34.93,33.95,34.78,128500,34.78
2004-02-09,33.60,34.58,33.50,34.48,201000,34.48
2004-02-06,33.40,33.60,33.04,33.50,128400,33.50
2004-02-05,33.60,33.73,33.00,33.24,124600,33.24
2004-02-04,33.40,33.91,33.04,33.30,178200,33.30
2004-02-03,32.38,33.93,32.37,33.55,562600,33.55
2004-02-02,37.75,38.90,31.75,33.07,1632800,33.07
2004-01-30,38.40,38.48,37.18,37.58,125600,37.58
2004-01-29,39.16,39.36,37.86,38.07,147700,38.07
2004-01-28,40.33,40.83,38.26,39.10,108900,39.10
2004-01-27,40.55,41.31,40.36,40.50,139500,40.50
2004-01-26,39.28,41.02,39.28,40.40,190400,40.40
2004-01-23,39.34,39.50,38.56,39.49,64800,39.49
2004-01-22,39.40,40.20,39.25,39.40,132200,39.40
2004-01-21,39.33,39.70,39.30,39.66,57500,39.66
2004-01-20,39.50,40.00,39.25,39.53,160100,39.53
2004-01-16,37.70,40.75,37.32,39.45,288600,39.45
2004-01-15,36.24,37.69,35.59,37.63,175000,37.63
2004-01-14,35.71,36.23,35.60,36.15,146700,36.15
2004-01-13,33.85,35.40,33.72,35.40,96000,35.40
2004-01-12,33.53,33.86,33.34,33.83,79100,33.83
2004-01-09,33.64,33.68,33.36,33.36,43000,33.36
2004-01-08,33.50,34.12,33.30,33.79,60500,33.79
2004-01-07,33.61,33.74,33.37,33.50,52900,33.50
2004-01-06,33.80,33.92,33.44,33.71,75500,33.71
2004-01-05,33.54,34.18,33.44,33.50,90100,33.50
2004-01-02,34.23,34.26,33.72,33.74,66500,33.74
2003-12-31,34.77,35.88,34.22,34.29,65600,34.29
2003-12-30,35.01,35.98,34.38,35.55,87400,35.55
2003-12-29,34.51,35.73,34.51,35.54,103300,35.54
2003-12-26,34.05,34.50,33.67,34.45,23600,34.45
2003-12-24,33.49,34.46,33.49,34.00,33300,34.00
2003-12-23,33.22,34.00,33.08,34.00,91300,34.00
2003-12-22,33.28,33.73,33.10,33.50,62300,33.50
2003-12-19,34.08,34.59,33.07,33.59,180200,33.59
2003-12-18,35.00,35.16,34.05,34.24,69700,34.24
2003-12-17,35.07,35.07,34.63,35.00,59700,35.00
2003-12-16,35.25,35.92,34.74,34.74,107000,34.74
2003-12-15,35.58,36.39,35.29,35.44,138600,35.44
2003-12-12,34.59,35.75,34.59,35.55,66800,35.55
2003-12-11,34.24,35.08,34.24,34.75,44700,34.75
2003-12-10,34.30,34.80,34.10,34.34,77800,34.34
2003-12-09,33.86,34.50,33.86,34.10,69500,34.10
2003-12-08,33.43,33.95,33.17,33.88,65700,33.88
2003-12-05,33.28,33.97,33.22,33.27,36800,33.27
2003-12-04,33.77,34.41,33.28,33.50,54600,33.50
2003-12-03,34.98,35.10,33.64,33.64,61100,33.64
2003-12-02,34.46,35.04,34.26,34.85,127100,34.85
2003-12-01,34.15,34.51,33.96,34.46,75900,34.46
2003-11-28,34.20,34.33,34.04,34.08,23000,34.08
2003-11-26,33.94,34.37,33.83,34.15,85200,34.15
2003-11-25,32.98,34.08,32.98,34.00,104000,34.00
2003-11-24,32.75,33.17,32.38,32.99,67400,32.99
2003-11-21,32.36,32.64,32.10,32.55,81900,32.55
2003-11-20,31.79,32.51,31.74,32.41,47500,32.41
2003-11-19,32.55,33.15,32.15,32.30,71600,32.30
2003-11-18,31.85,33.33,31.81,32.84,120900,32.84
2003-11-17,31.74,32.29,31.60,32.14,105700,32.14
2003-11-14,32.50,33.45,31.77,31.97,129000,31.97
2003-11-13,33.59,33.59,32.27,32.44,120600,32.44
2003-11-12,33.00,33.59,32.96,33.20,116500,33.20
2003-11-11,34.79,35.00,32.81,33.27,313900,33.27
2003-11-10,34.70,35.39,34.46,34.80,223100,34.80
2003-11-07,34.34,34.90,33.38,34.56,145500,34.56
2003-11-06,33.72,34.24,33.00,34.00,90000,34.00
2003-11-05,34.09,34.09,32.86,33.04,250900,33.04
2003-11-04,34.87,35.00,33.98,34.00,131600,34.00
2003-11-03,33.30,35.00,33.30,34.50,244900,34.50
2003-10-31,33.34,34.01,32.77,33.80,145200,33.80
2003-10-30,32.90,33.35,32.59,33.27,145300,33.27
2003-10-29,31.45,32.90,31.45,32.82,152300,32.82
2003-10-28,30.84,31.44,30.47,31.44,198500,31.44
2003-10-27,30.84,31.04,30.40,30.59,94400,30.59
2003-10-24,30.84,31.20,30.09,30.63,160000,30.63
2003-10-23,31.05,31.30,30.30,30.93,128300,30.93
2003-10-22,30.98,31.10,30.36,30.78,82200,30.78
2003-10-21,32.00,32.00,30.25,30.94,156900,30.94
2003-10-20,31.74,32.60,31.51,31.51,297300,31.51
2003-10-17,32.40,32.45,31.50,31.73,361500,31.73
2003-10-16,30.06,32.37,27.63,32.29,1316600,32.29
2003-10-15,28.10,28.11,26.96,27.60,153700,27.60
2003-10-14,27.34,28.75,26.61,27.89,164900,27.89
2003-10-13,25.65,27.97,25.59,26.61,237000,26.61
2003-10-10,26.50,26.87,25.00,25.35,265900,25.35
2003-10-09,27.09,27.34,26.50,26.69,104300,26.69
2003-10-08,27.00,27.01,26.35,26.98,69300,26.98
2003-10-07,27.00,27.38,26.34,26.84,178300,26.84
2003-10-06,27.54,27.54,26.76,27.02,127400,27.02
2003-10-03,26.41,27.49,26.41,27.15,160800,27.15
2003-10-02,26.25,27.20,26.13,26.38,172600,26.38
2003-10-01,27.02,27.05,26.11,26.28,203500,26.28
2003-09-30,26.85,27.55,26.55,27.14,135700,27.14
2003-09-29,28.20,28.20,26.50,27.29,194700,27.29
2003-09-26,28.49,28.67,27.75,27.80,164400,27.80
2003-09-25,27.40,29.00,27.11,28.63,507600,28.63
2003-09-24,28.90,28.90,27.05,27.13,160800,27.13
2003-09-23,28.66,28.92,28.40,28.78,81300,28.78
2003-09-22,28.00,28.72,27.80,28.46,143300,28.46
2003-09-19,29.00,29.34,28.01,28.11,218900,28.11
2003-09-18,29.95,29.95,29.03,29.33,72800,29.33
2003-09-17,29.89,29.95,29.50,29.80,86800,29.80
2003-09-16,29.63,29.92,29.06,29.81,91800,29.81
2003-09-15,29.04,29.70,28.86,29.48,192400,29.48
2003-09-12,28.70,29.44,28.60,28.99,199100,28.99
2003-09-11,29.03,29.44,28.07,29.00,256500,29.00
2003-09-10,29.49,29.50,29.05,29.38,65900,29.38
2003-09-09,29.14,29.53,29.00,29.50,58500,29.50
2003-09-08,29.35,29.60,29.18,29.50,71900,29.50
2003-09-05,30.00,30.00,29.39,29.42,167400,29.42
2003-09-04,29.98,30.00,29.40,29.83,92100,29.83
2003-09-03,29.20,30.49,29.20,29.45,171800,29.45
2003-09-02,29.26,29.99,29.14,29.64,141300,29.64
2003-08-29,29.20,30.18,29.20,29.36,120400,29.36
2003-08-28,28.65,29.49,28.65,29.45,130300,29.45
2003-08-27,29.40,29.40,29.10,29.30,149500,29.30
2003-08-26,29.70,29.70,29.18,29.22,237600,29.22
2003-08-25,29.10,29.81,28.65,29.49,181700,29.49
2003-08-22,30.00,30.00,28.97,29.28,122300,29.28
2003-08-21,29.45,29.85,29.00,29.49,196800,29.49
2003-08-20,29.02,29.48,28.86,29.11,213200,29.11
2003-08-19,29.10,29.10,28.85,29.01,200900,29.01
2003-08-18,29.00,29.02,28.65,29.00,209900,29.00
2003-08-15,28.26,29.01,28.26,28.62,64200,28.62
2003-08-14,28.94,29.15,28.34,28.55,185300,28.55
2003-08-13,28.08,28.85,27.90,28.67,231500,28.67
2003-08-12,27.15,28.05,26.90,28.01,385600,28.01
2003-08-11,25.30,27.64,25.01,27.15,560300,27.15
2003-08-08,24.30,25.35,24.30,25.15,351800,25.15
2003-08-07,24.62,24.81,24.25,24.43,185600,24.43
2003-08-06,23.95,24.78,23.50,24.40,319800,24.40
2003-08-05,23.60,24.01,23.35,23.75,138500,23.75
2003-08-04,24.54,24.54,23.25,24.05,181900,24.05
2003-08-01,25.12,25.55,24.25,24.25,274400,24.25
2003-07-31,24.90,25.37,24.81,25.18,221900,25.18
2003-07-30,25.10,25.83,24.81,25.02,162300,25.02
2003-07-29,24.94,25.25,24.94,25.11,280000,25.11
2003-07-28,24.95,25.23,24.55,25.21,341000,25.21
2003-07-25,23.96,24.65,23.30,24.39,281900,24.39
2003-07-24,23.30,23.75,22.98,23.29,206400,23.29
2003-07-23,22.60,23.25,22.60,23.22,352000,23.22
2003-07-22,23.25,23.85,22.90,22.95,716600,22.95
2003-07-21,23.83,24.07,23.00,23.07,414200,23.07
2003-07-18,24.61,24.61,23.95,24.00,549700,24.00
2003-07-17,23.75,25.39,23.00,24.33,2230600,24.33
2003-07-16,27.00,27.91,26.67,27.16,358400,27.16
2003-07-15,28.01,28.43,26.61,26.74,374400,26.74
2003-07-14,27.76,28.41,27.76,28.06,249100,28.06
2003-07-11,29.65,29.65,27.80,27.90,813100,27.90
2003-07-10,30.25,30.45,29.49,29.70,319100,29.70
2003-07-09,30.48,30.48,30.00,30.22,143000,30.22
2003-07-08,29.95,30.49,29.60,29.99,112100,29.99
2003-07-07,29.69,30.40,29.69,30.00,140100,30.00
2003-07-03,30.09,30.50,29.78,29.84,125100,29.84
2003-07-02,29.80,30.00,29.22,29.69,173200,29.69
2003-07-01,31.00,31.17,29.50,29.83,97400,29.83
2003-06-30,30.63,31.23,30.63,31.09,184400,31.09
2003-06-27,30.04,31.10,30.04,30.53,79100,30.53
2003-06-26,30.00,30.85,29.84,30.46,152200,30.46
2003-06-25,29.52,30.09,29.52,29.97,67000,29.97
2003-06-24,29.83,30.38,29.56,29.59,132000,29.59
2003-06-23,30.00,30.45,29.66,29.80,75800,29.80
2003-06-20,30.03,30.66,30.00,30.00,124600,30.00
2003-06-19,31.83,31.83,30.06,30.07,101700,30.07
2003-06-18,32.00,32.00,30.63,31.30,175300,31.30
2003-06-17,32.28,32.64,31.64,31.70,297000,31.70
2003-06-16,31.77,32.59,31.60,32.30,66600,32.30
2003-06-13,32.28,32.52,31.80,31.90,53600,31.90
2003-06-12,32.25,32.72,32.00,32.27,79200,32.27
2003-06-11,32.50,32.77,32.01,32.25,53500,32.25
2003-06-10,32.45,32.84,32.00,32.43,84600,32.43
2003-06-09,32.65,33.35,32.00,32.04,113700,32.04
2003-06-06,33.15,34.00,32.55,32.74,132300,32.74
2003-06-05,32.09,33.17,31.86,33.03,167600,33.03
2003-06-04,31.68,32.26,31.11,32.22,136300,32.22
2003-06-03,31.20,32.00,30.99,31.46,183000,31.46
2003-06-02,31.15,31.99,30.95,31.47,196600,31.47
2003-05-30,31.10,31.10,30.50,30.90,223700,30.90
2003-05-29,31.58,31.58,30.57,30.94,331400,30.94
2003-05-28,31.15,31.97,30.92,31.54,98300,31.54
2003-05-27,29.71,31.18,29.71,30.98,139600,30.98
2003-05-23,30.00,30.00,29.26,29.70,61100,29.70
2003-05-22,29.01,30.13,29.00,30.11,88200,30.11
2003-05-21,28.35,29.20,28.20,29.01,101400,29.01
2003-05-20,28.48,29.30,27.98,28.50,224200,28.50
2003-05-19,30.93,30.94,28.40,28.97,163700,28.97
2003-05-16,30.46,31.50,29.75,29.83,248900,29.83
2003-05-15,32.08,32.85,30.42,31.15,256500,31.15
2003-05-14,32.90,33.07,32.25,32.25,194400,32.25
2003-05-13,33.00,33.29,32.90,33.08,76400,33.08
2003-05-12,33.50,33.50,32.65,33.04,82600,33.04
2003-05-09,32.60,33.45,32.60,33.25,37700,33.25
2003-05-08,33.00,33.20,32.37,32.72,84400,32.72
2003-05-07,32.93,33.59,32.55,33.33,121100,33.33
2003-05-06,32.10,33.17,32.10,32.91,90500,32.91
2003-05-05,31.50,32.80,31.50,32.30,81900,32.30
2003-05-02,30.96,32.48,30.69,32.09,80100,32.09
2003-05-01,31.25,31.50,30.78,31.45,257800,31.45
2003-04-30,32.17,32.20,31.55,31.78,177100,31.78
2003-04-29,32.96,33.15,31.86,31.90,184500,31.90
2003-04-28,32.60,32.70,32.03,32.50,213900,32.50
2003-04-25,32.51,33.03,32.41,32.52,101700,32.52
2003-04-24,33.50,33.75,32.00,32.92,163900,32.92
2003-04-23,34.00,34.00,32.83,33.25,122100,33.25
2003-04-22,31.61,33.19,31.61,33.00,128700,33.00
2003-04-21,31.49,32.77,30.90,31.94,176100,31.94
2003-04-17,33.65,35.73,30.17,31.10,884500,31.10
2003-04-16,31.50,32.10,30.75,31.75,273400,31.75
2003-04-15,30.68,31.25,29.86,30.70,247600,30.70
2003-04-14,29.60,30.75,28.63,30.33,198200,30.33
2003-04-11,28.02,29.11,28.02,28.91,151700,28.91
2003-04-10,28.40,28.60,28.01,28.35,41300,28.35
2003-04-09,27.50,28.37,27.50,28.25,174500,28.25
2003-04-08,27.25,27.66,27.10,27.41,49900,27.41
2003-04-07,27.29,28.26,26.35,27.66,58600,27.66
2003-04-04,26.75,27.16,26.52,26.62,42100,26.62
2003-04-03,27.05,28.16,26.38,26.41,81500,26.41
2003-04-02,27.79,28.71,27.06,27.06,109000,27.06
2003-04-01,27.11,29.00,27.11,27.43,78800,27.43
2003-03-31,27.70,28.26,26.75,27.51,135800,27.51
2003-03-28,27.24,28.03,27.24,27.96,57200,27.96
2003-03-27,27.37,27.65,27.28,27.40,103400,27.40
2003-03-26,27.51,27.85,27.19,27.58,113900,27.58
2003-03-25,27.65,27.75,27.10,27.51,80400,27.51
2003-03-24,27.40,27.70,27.11,27.38,75300,27.38
2003-03-21,28.26,28.26,27.45,28.00,128900,28.00
2003-03-20,28.15,28.15,27.36,27.99,66500,27.99
2003-03-19,27.95,28.21,27.79,28.05,136200,28.05
2003-03-18,27.72,28.36,27.72,28.01,119800,28.01
2003-03-17,26.95,28.28,26.41,28.17,183600,28.17
2003-03-14,26.85,27.50,26.85,27.07,139200,27.07
2003-03-13,26.15,27.40,26.15,26.99,100900,26.99
2003-03-12,25.85,26.60,25.85,26.50,159900,26.50
2003-03-11,25.85,26.34,25.85,26.25,108000,26.25
2003-03-10,26.86,26.86,25.87,25.87,146700,25.87
2003-03-07,25.80,27.20,25.10,26.68,524000,26.68
2003-03-06,26.26,26.94,25.25,25.94,1090900,25.94
2003-03-05,29.53,29.53,29.15,29.47,45500,29.47
2003-03-04,29.68,29.80,29.15,29.29,157600,29.29
2003-03-03,29.20,29.48,28.65,29.24,215000,29.24
2003-02-28,28.65,29.70,28.65,29.22,91000,29.22
2003-02-27,28.85,29.37,28.85,29.15,45200,29.15
2003-02-26,29.06,29.52,28.88,29.00,45700,29.00
2003-02-25,28.80,29.30,28.62,29.30,119700,29.30
2003-02-24,29.88,29.88,28.65,29.05,77000,29.05
2003-02-21,29.61,29.94,29.35,29.52,73900,29.52
2003-02-20,29.60,30.32,29.58,29.58,41900,29.58
2003-02-19,30.85,31.03,29.64,29.72,47700,29.72
2003-02-18,30.02,31.00,29.88,31.00,66400,31.00
2003-02-14,30.27,30.70,29.89,30.17,101400,30.17
2003-02-13,30.60,31.00,30.00,30.48,101900,30.48
2003-02-12,31.00,31.65,30.62,30.62,99500,30.62
2003-02-11,30.64,31.80,30.64,31.71,68600,31.71
2003-02-10,30.20,31.00,29.79,30.96,212400,30.96
2003-02-07,30.49,30.50,30.00,30.21,54400,30.21
2003-02-06,30.01,30.49,30.00,30.26,147700,30.26
2003-02-05,29.90,30.80,29.90,30.15,272100,30.15
2003-02-04,28.58,30.81,28.41,30.28,605100,30.28
2003-02-03,36.68,36.68,27.10,28.35,1215500,28.35
2003-01-31,34.74,36.61,34.66,36.41,37400,36.41
2003-01-30,35.29,35.89,35.23,35.23,24200,35.23
2003-01-29,35.45,36.56,35.21,35.50,47500,35.50
2003-01-28,35.70,36.10,35.42,35.71,17500,35.71
2003-01-27,35.50,35.90,35.31,35.73,36300,35.73
2003-01-24,36.00,36.40,35.50,35.69,71500,35.69
2003-01-23,36.95,36.95,35.97,36.60,17300,36.60
2003-01-22,36.60,37.20,36.05,36.48,26300,36.48
2003-01-21,37.80,37.80,36.66,36.86,35200,36.86
2003-01-17,37.50,38.93,37.29,37.29,37900,37.29
2003-01-16,35.49,38.64,35.49,37.49,495100,37.49
2003-01-15,35.51,37.10,35.45,35.58,80200,35.58
2003-01-14,36.05,37.27,35.70,36.18,64700,36.18
2003-01-13,36.31,37.50,35.02,36.70,64800,36.70
2003-01-10,35.20,36.50,35.00,35.32,51600,35.32
2003-01-09,34.70,35.50,34.70,35.25,34100,35.25
2003-01-08,35.82,36.26,34.25,35.05,86400,35.05
2003-01-07,37.00,38.20,35.70,36.09,46700,36.09
2003-01-06,37.01,37.77,36.95,37.01,19600,37.01
2003-01-03,37.00,37.80,36.77,37.50,43600,37.50
2003-01-02,37.40,37.95,36.21,37.33,134200,37.33
2002-12-31,36.85,37.90,36.85,37.30,50200,37.30
2002-12-30,36.81,37.61,36.81,37.50,45700,37.50
2002-12-27,37.42,37.77,37.00,37.58,45900,37.58
2002-12-26,38.45,38.45,36.81,37.41,41000,37.41
2002-12-24,37.23,38.18,37.15,37.74,13100,37.74
2002-12-23,37.90,38.12,36.91,38.11,52500,38.11
2002-12-20,36.84,38.25,36.80,37.94,72500,37.94
2002-12-19,37.53,37.53,36.66,36.72,40900,36.72
2002-12-18,37.15,37.76,36.70,37.10,57100,37.10
2002-12-17,37.81,38.40,36.67,37.23,95600,37.23
2002-12-16,36.16,37.91,36.16,37.80,48500,37.80
2002-12-13,37.00,37.98,36.36,36.36,39300,36.36
2002-12-12,37.44,37.80,36.96,37.80,23000,37.80
2002-12-11,36.71,37.60,36.15,37.02,71700,37.02
2002-12-10,35.86,36.71,35.43,36.60,85600,36.60
2002-12-09,37.79,38.00,35.75,36.11,96400,36.11
2002-12-06,36.45,37.85,36.25,37.85,57800,37.85
2002-12-05,38.40,38.43,36.10,36.83,87600,36.83
2002-12-04,37.01,38.38,35.80,38.38,92800,38.38
2002-12-03,38.20,38.87,37.00,38.20,72600,38.20
2002-12-02,38.72,40.08,38.20,38.39,78400,38.39
2002-11-29,40.02,40.40,38.82,39.00,26700,39.00
2002-11-27,40.40,40.50,39.51,39.99,86400,39.99
2002-11-26,41.75,42.35,38.37,39.96,230000,39.96
2002-11-25,44.75,45.05,41.30,41.33,199900,41.33
2002-11-22,43.00,44.84,41.40,43.89,179500,43.89
2002-11-21,41.90,42.94,41.41,42.84,100500,42.84
2002-11-20,39.98,40.84,39.53,40.50,59200,40.50
2002-11-19,40.25,40.25,39.25,39.45,18600,39.45
2002-11-18,39.80,40.25,39.21,39.80,32700,39.80
2002-11-15,39.72,40.47,38.64,39.77,87700,39.77
2002-11-14,39.99,40.38,39.59,40.35,78600,40.35
2002-11-13,40.50,40.99,39.38,39.76,49000,39.76
2002-11-12,39.04,40.25,39.04,40.05,94100,40.05
2002-11-11,39.44,39.65,39.11,39.11,70100,39.11
2002-11-08,39.99,39.99,39.31,39.44,56700,39.44
2002-11-07,40.02,41.20,39.99,40.04,122300,40.04
2002-11-06,40.10,40.98,39.94,40.94,107100,40.94
2002-11-05,40.51,40.95,39.75,40.45,118300,40.45
2002-11-04,40.50,41.18,40.27,40.53,189500,40.53
2002-11-01,38.50,40.35,38.25,40.35,121200,40.35
2002-10-31,38.72,39.34,38.45,38.75,91500,38.75
2002-10-30,38.10,38.75,37.75,38.75,59100,38.75
2002-10-29,38.02,38.33,37.67,38.25,58400,38.25
2002-10-28,38.17,38.30,37.95,38.15,90000,38.15
2002-10-25,38.64,38.64,37.46,38.17,83000,38.17
2002-10-24,38.09,38.20,37.52,37.99,59600,37.99
2002-10-23,35.50,38.11,35.50,38.10,59900,38.10
2002-10-22,36.01,36.99,35.51,36.00,44300,36.00
2002-10-21,36.05,37.00,36.00,36.19,50000,36.19
2002-10-18,36.70,36.98,35.87,36.39,65200,36.39
2002-10-17,34.25,36.40,33.15,36.00,111700,36.00
2002-10-16,33.09,34.80,33.09,34.77,75700,34.77
2002-10-15,32.40,34.40,32.40,33.82,124800,33.82
2002-10-14,31.85,32.72,31.80,32.60,65600,32.60
2002-10-11,32.55,33.15,32.01,32.95,44200,32.95
2002-10-10,34.00,34.04,31.32,32.67,56900,32.67
2002-10-09,34.03,34.36,32.61,32.86,176500,32.86
2002-10-08,34.05,35.15,33.81,34.61,36400,34.61
2002-10-07,34.62,36.49,34.55,34.74,54500,34.74
2002-10-04,35.15,36.34,35.15,35.89,27500,35.89
2002-10-03,37.00,37.20,35.00,35.74,66600,35.74
2002-10-02,35.10,37.20,35.01,35.97,37300,35.97
2002-10-01,36.50,36.95,34.12,36.11,85700,36.11
2002-09-30,36.50,37.15,35.50,36.52,60300,36.52
2002-09-27,35.86,36.80,35.54,36.70,61600,36.70
2002-09-26,35.06,36.29,34.50,35.87,82800,35.87
2002-09-25,34.51,35.40,34.29,35.39,100200,35.39
2002-09-24,34.39,35.00,33.80,34.42,44500,34.42
2002-09-23,35.70,35.70,33.90,34.63,52400,34.63
2002-09-20,37.05,37.12,34.95,35.73,120800,35.73
2002-09-19,35.27,35.87,35.01,35.34,67200,35.34
2002-09-18,36.78,36.78,35.90,35.90,66400,35.90
2002-09-17,37.50,37.75,35.62,36.15,66600,36.15
2002-09-16,37.90,39.40,36.65,37.06,179400,37.06
2002-09-13,37.75,38.64,37.56,37.96,60300,37.96
2002-09-12,39.00,39.00,37.44,38.02,94300,38.02
2002-09-11,38.00,39.48,37.99,38.61,46300,38.61
2002-09-10,36.07,38.73,35.94,37.58,89200,37.58
2002-09-09,36.54,36.55,35.50,36.06,35500,36.06
2002-09-06,35.00,36.33,35.00,36.05,32900,36.05
2002-09-05,34.93,36.29,34.79,35.38,27700,35.38
2002-09-04,35.05,36.78,34.74,36.62,31100,36.62
2002-09-03,36.00,36.76,33.94,36.02,86100,36.02
2002-08-30,38.72,38.72,36.21,36.21,79400,36.21
2002-08-29,36.36,38.99,36.36,38.31,89600,38.31
2002-08-28,37.01,37.70,36.42,36.95,76700,36.95
2002-08-27,37.26,37.79,36.21,37.00,53500,37.00
2002-08-26,36.59,37.70,36.59,37.31,45000,37.31
2002-08-23,36.86,37.78,36.65,37.11,22600,37.11
2002-08-22,37.36,37.78,36.43,36.97,28100,36.97
2002-08-21,36.40,37.36,35.89,37.28,57500,37.28
2002-08-20,36.84,36.85,36.00,36.32,51300,36.32
2002-08-19,36.50,37.24,35.62,36.82,48200,36.82
2002-08-16,37.40,37.41,35.20,36.31,60300,36.31
2002-08-15,34.51,37.65,34.51,36.40,51300,36.40
2002-08-14,33.49,36.75,33.49,35.20,64500,35.20
2002-08-13,31.96,34.89,31.96,34.15,63800,34.15
2002-08-12,32.03,33.75,32.00,33.48,60800,33.48
2002-08-09,32.77,34.20,32.50,33.10,39700,33.10
2002-08-08,32.04,33.39,31.58,33.39,51100,33.39
2002-08-07,32.00,33.44,31.00,32.28,26500,32.28
2002-08-06,31.14,33.03,31.14,32.38,72800,32.38
2002-08-05,32.68,32.68,31.00,31.51,69100,31.51
2002-08-02,33.65,33.71,32.21,32.45,48000,32.45
2002-08-01,33.05,34.27,31.51,33.71,140300,33.71
2002-07-31,33.00,33.90,32.73,33.52,74300,33.52
2002-07-30,33.89,34.21,32.05,33.39,93100,33.39
2002-07-29,31.00,33.99,30.52,33.37,56700,33.37
2002-07-26,29.02,31.98,29.01,31.98,54700,31.98
2002-07-25,29.35,31.19,28.98,31.01,59200,31.01
2002-07-24,28.15,30.09,28.15,29.01,114800,29.01
2002-07-23,28.59,29.16,27.96,28.26,66400,28.26
2002-07-22,28.59,29.69,28.35,28.71,107600,28.71
2002-07-19,28.55,29.43,28.50,28.60,96300,28.60
2002-07-18,28.00,29.49,28.00,29.07,100700,29.07
2002-07-17,28.29,29.18,27.79,28.70,60200,28.70
2002-07-16,28.00,30.03,27.52,28.29,103200,28.29
2002-07-15,27.25,28.55,27.11,28.00,84600,28.00
2002-07-12,25.75,27.25,25.74,27.25,68000,27.25
2002-07-11,26.14,27.20,25.44,26.57,61700,26.57
2002-07-10,26.71,26.75,25.75,25.75,50100,25.75
2002-07-09,26.95,27.09,26.00,26.40,99100,26.40
2002-07-08,27.56,28.00,26.51,27.50,70000,27.50
2002-07-05,27.55,28.00,27.54,28.00,27200,28.00
2002-07-03,29.00,29.94,27.27,27.98,93500,27.98
2002-07-02,29.11,29.94,28.48,29.45,47400,29.45
2002-07-01,30.51,31.00,28.71,29.09,70200,29.09
2002-06-28,30.18,31.15,30.18,30.90,136200,30.90
2002-06-27,30.73,31.22,30.04,30.25,80300,30.25
2002-06-26,29.34,30.32,28.74,29.55,116700,29.55
2002-06-25,30.40,31.40,29.50,29.66,67500,29.66
2002-06-24,31.45,31.88,29.77,30.65,144100,30.65
2002-06-21,32.10,32.24,30.63,31.88,94600,31.88
2002-06-20,33.25,33.64,32.10,32.49,93900,32.49
2002-06-19,33.97,33.97,32.99,33.26,79000,33.26
2002-06-18,33.00,33.65,32.79,33.59,38700,33.59
2002-06-17,34.15,34.27,33.00,33.37,88200,33.37
2002-06-14,33.00,33.98,32.76,33.94,112200,33.94
2002-06-13,33.33,34.23,32.74,33.81,196100,33.81
2002-06-12,32.78,34.63,32.36,33.87,1222200,33.87
2002-06-11,30.16,30.81,30.10,30.35,56900,30.35
2002-06-10,30.44,30.79,29.25,30.33,83100,30.33
2002-06-07,29.60,30.79,29.56,30.49,60000,30.49
2002-06-06,30.10,31.00,29.60,30.76,84100,30.76
2002-06-05,29.61,30.99,28.76,30.96,89700,30.96
2002-06-04,31.45,32.42,27.76,31.22,554800,31.22
2002-06-03,34.53,34.83,32.86,32.92,105900,32.92
2002-05-31,34.50,35.20,32.81,34.83,92000,34.83
2002-05-30,37.25,37.81,33.65,34.90,188700,34.90
2002-05-29,38.02,38.83,37.31,38.23,41600,38.23
2002-05-28,38.60,38.96,37.25,37.79,51700,37.79
2002-05-24,38.50,39.97,38.50,38.62,21800,38.62
2002-05-23,39.15,39.97,38.10,39.61,48900,39.61
2002-05-22,39.00,39.40,38.26,39.13,74600,39.13
2002-05-21,39.74,40.01,38.92,39.64,31700,39.64
2002-05-20,39.00,40.25,38.50,39.96,39200,39.96
2002-05-17,39.28,40.01,38.75,39.00,31700,39.00
2002-05-16,39.98,40.00,38.50,39.03,39400,39.03
2002-05-15,39.70,39.95,38.13,39.87,35800,39.87
2002-05-14,38.00,40.00,37.85,39.91,118000,39.91
2002-05-13,38.20,38.75,37.97,38.13,23700,38.13
2002-05-10,38.00,39.00,37.00,38.16,58600,38.16
2002-05-09,40.05,40.05,37.97,38.21,36600,38.21
2002-05-08,39.53,40.05,38.46,39.99,24600,39.99
2002-05-07,39.98,39.98,38.27,38.46,41800,38.46
2002-05-06,42.14,42.90,39.00,39.01,63500,39.01
2002-05-03,39.29,42.17,38.52,41.97,95600,41.97
2002-05-02,37.97,39.50,37.25,39.29,80300,39.29
2002-05-01,38.24,38.24,36.51,37.97,50300,37.97
2002-04-30,38.09,38.15,37.59,38.01,113700,38.01
2002-04-29,38.09,38.30,37.72,38.00,26400,38.00
2002-04-26,39.30,39.90,37.64,37.77,43700,37.77
2002-04-25,39.35,39.49,38.05,38.98,91700,38.98
2002-04-24,36.75,38.97,36.32,38.40,162400,38.40
2002-04-23,36.75,38.35,36.14,36.94,63400,36.94
2002-04-22,38.00,38.80,33.00,37.39,287300,37.39
2002-04-19,38.02,38.64,37.50,37.95,74400,37.95
2002-04-18,40.20,40.20,36.50,38.20,281500,38.20
2002-04-17,41.41,42.42,38.91,38.91,195400,38.91
2002-04-16,40.34,41.54,39.70,40.35,193000,40.35
2002-04-15,36.68,38.94,36.39,38.16,204200,38.16
2002-04-12,35.65,36.45,35.31,36.43,44500,36.43
2002-04-11,35.69,36.11,35.60,35.94,28500,35.94
2002-04-10,34.96,36.09,34.95,35.95,63300,35.95
2002-04-09,34.70,35.43,34.70,34.90,21600,34.90
2002-04-08,35.15,35.30,34.60,35.30,23100,35.30
2002-04-05,35.20,35.25,34.71,35.10,30200,35.10
2002-04-04,35.90,36.17,34.63,35.20,37900,35.20
2002-04-03,36.16,36.43,35.76,36.10,51100,36.10
2002-04-02,36.59,36.75,35.35,36.16,34700,36.16
2002-04-01,36.50,37.00,34.05,36.55,52700,36.55
2002-03-28,36.08,36.40,35.80,36.40,93600,36.40
2002-03-27,35.49,36.36,34.96,36.01,60100,36.01
2002-03-26,34.75,35.39,34.75,35.39,50600,35.39
2002-03-25,35.62,35.62,34.53,35.06,64500,35.06
2002-03-22,34.05,36.67,34.04,35.17,112400,35.17
2002-03-21,33.81,34.31,33.29,34.01,38200,34.01
2002-03-20,34.01,34.47,33.01,34.00,30700,34.00
2002-03-19,34.90,35.23,33.74,33.97,57600,33.97
2002-03-18,34.00,34.38,33.16,34.37,108000,34.37
2002-03-15,49.76,50.06,49.50,49.50,72800,33.00
2002-03-14,49.83,50.00,49.62,49.98,42400,33.32
2002-03-13,49.75,50.84,49.53,49.90,50800,33.27
2002-03-12,50.95,50.98,49.80,49.80,55500,33.20
2002-03-11,50.75,51.12,50.74,50.82,31200,33.88
2002-03-08,50.01,50.75,49.90,50.50,87200,33.67
2002-03-07,51.15,52.25,50.48,50.50,65000,33.67
2002-03-06,51.35,52.17,49.35,50.63,95800,33.75
2002-03-05,52.76,53.75,51.30,51.60,33400,34.40
2002-03-04,53.25,54.08,53.00,53.05,101100,35.37
2002-03-01,54.50,54.50,53.51,53.53,65600,35.69
2002-02-28,53.26,54.48,53.26,54.35,71200,36.23
2002-02-27,53.50,54.48,53.37,53.60,46500,35.73
2002-02-26,55.50,55.50,53.40,53.91,115800,35.94
2002-02-25,54.05,55.95,53.95,55.95,84300,37.30
2002-02-22,53.74,54.59,53.36,53.92,29100,35.95
2002-02-21,52.60,55.00,52.60,53.73,91400,35.82
2002-02-20,51.50,52.94,51.45,52.52,23800,35.01
2002-02-19,53.00,53.00,51.95,51.95,57200,34.63
2002-02-15,51.77,53.05,51.27,52.50,87400,35.00
2002-02-14,50.70,53.75,50.70,52.98,160200,35.32
2002-02-13,49.26,51.00,49.00,50.96,136500,33.97
2002-02-12,48.89,49.48,48.60,48.96,38200,32.64
2002-02-11,48.89,49.00,48.36,48.70,33900,32.47
2002-02-08,49.54,49.75,48.26,48.95,38200,32.63
2002-02-07,49.34,49.69,47.75,49.14,69200,32.76
2002-02-06,46.31,49.42,45.91,48.71,107800,32.47
2002-02-05,46.75,46.79,45.49,46.32,20700,30.88
2002-02-04,46.53,47.16,46.20,46.35,72300,30.90
2002-01-31,45.78,46.80,45.78,46.25,38200,30.83
2002-01-30,45.70,46.30,45.00,46.00,36000,30.67
2002-01-29,47.16,47.73,45.15,45.25,41400,30.17
2002-01-28,49.35,49.41,46.56,47.75,55200,31.83
2002-01-25,48.51,49.25,48.50,49.25,44200,32.83
2002-01-24,49.25,49.25,48.70,48.87,20100,32.58
2002-01-23,49.00,49.20,48.05,48.84,39400,32.56
2002-01-22,49.17,49.30,48.57,49.00,89200,32.67
2002-01-18,48.74,49.22,48.12,48.80,36400,32.53
2002-01-17,46.53,48.73,46.53,48.69,59400,32.46
2002-01-16,46.75,47.07,46.37,46.53,13600,31.02
2002-01-15,46.25,46.35,46.01,46.30,37600,30.87
2002-01-14,46.03,46.40,45.89,46.25,54200,30.83
2002-01-11,46.25,46.55,45.94,46.27,59000,30.85
2002-01-10,45.97,46.71,45.97,46.45,21200,30.97
2002-01-09,45.49,46.09,45.49,45.97,26800,30.65
2002-01-08,45.15,45.42,44.87,45.00,20200,30.00
2002-01-07,44.92,45.19,44.90,45.00,29000,30.00
2002-01-04,44.96,45.90,44.92,44.92,46200,29.95
2002-01-03,46.05,46.09,44.85,45.00,83100,30.00
2002-01-02,44.89,46.65,44.32,45.00,53800,30.00
2001-12-31,45.66,45.66,44.00,44.50,31000,29.67
2001-12-28,45.54,47.15,43.83,44.96,105800,29.97
2001-12-27,45.17,45.49,44.31,45.00,72600,30.00
2001-12-26,46.90,47.25,45.10,45.59,52400,30.39
2001-12-24,44.00,47.15,43.73,46.59,47800,31.06
2001-12-21,42.25,43.85,42.09,43.85,52800,29.23
2001-12-20,42.07,42.51,41.50,41.91,32000,27.94
2001-12-19,42.11,42.11,41.10,42.00,90300,28.00
2001-12-18,43.25,43.87,42.05,42.49,45800,28.33
2001-12-17,43.50,44.00,42.62,43.30,42600,28.87
2001-12-14,42.25,42.85,42.10,42.29,60200,28.19
2001-12-13,41.97,42.35,41.90,42.15,23000,28.10
2001-12-12,41.25,42.10,41.25,41.98,42600,27.99
2001-12-11,42.69,42.69,41.05,41.75,60200,27.83
2001-12-10,43.71,43.72,42.00,42.00,36200,28.00
2001-12-07,42.31,43.55,42.31,43.14,63200,28.76
2001-12-06,42.36,43.57,42.09,43.27,11200,28.85
2001-12-05,43.64,44.05,42.62,43.00,48800,28.67
2001-12-04,42.12,43.62,42.12,43.25,16600,28.83
2001-12-03,42.98,43.39,42.43,42.44,26200,28.29
2001-11-30,43.00,43.32,42.19,43.24,25000,28.83
2001-11-29,42.23,43.50,41.86,43.00,32600,28.67
2001-11-28,43.51,44.24,42.76,43.00,41700,28.67
2001-11-27,45.50,45.54,43.95,43.95,32400,29.30
2001-11-26,43.00,45.59,42.73,45.30,47200,30.20
2001-11-23,43.05,44.00,43.04,43.94,14000,29.29
2001-11-21,43.50,43.53,42.45,43.11,26700,28.74
2001-11-20,42.80,43.42,41.80,43.01,39800,28.67
2001-11-19,40.25,42.90,40.25,42.90,29000,28.60
2001-11-16,42.50,42.50,39.50,40.26,41000,26.84
2001-11-15,42.95,42.95,40.39,41.81,31800,27.87
2001-11-14,42.31,43.36,41.50,41.75,35200,27.83
2001-11-13,41.48,42.93,41.48,42.60,35600,28.40
2001-11-12,41.20,42.55,40.95,41.50,22200,27.67
2001-11-09,42.49,42.50,40.25,41.42,26600,27.61
2001-11-08,40.77,42.45,40.65,41.41,55400,27.61
2001-11-07,41.09,41.10,40.36,40.77,21800,27.18
2001-11-06,40.34,41.53,39.10,41.10,73400,27.40
2001-11-05,42.76,42.76,39.10,41.00,94200,27.33
2001-11-02,44.00,44.00,42.44,43.00,96800,28.67
2001-11-01,44.04,44.79,42.90,43.82,26200,29.21
2001-10-31,42.00,43.99,42.00,43.99,65100,29.33
2001-10-30,46.65,46.65,40.82,42.42,176400,28.28
2001-10-29,46.98,46.99,46.34,46.60,51400,31.07
2001-10-26,46.80,47.00,46.18,47.00,60200,31.33
2001-10-25,46.19,47.20,45.55,46.50,54900,31.00
2001-10-24,46.47,47.96,45.90,46.25,312200,30.83
2001-10-23,47.40,48.90,45.84,46.31,512800,30.87
2001-10-22,43.75,47.11,43.75,46.21,343500,30.81
2001-10-19,43.75,44.06,42.85,43.53,212800,29.02
2001-10-18,38.86,44.17,37.25,44.13,258900,29.42
2001-10-17,38.20,39.35,36.35,38.80,149000,25.87
2001-10-16,39.35,39.82,37.93,38.23,22200,25.49
2001-10-15,39.58,40.00,38.35,39.00,33200,26.00
2001-10-12,39.22,39.33,38.47,39.33,9800,26.22
2001-10-11,38.82,39.48,37.93,38.26,11600,25.51
2001-10-10,38.30,38.86,37.83,38.26,49600,25.51
2001-10-09,38.51,38.75,38.00,38.13,13800,25.42
2001-10-08,37.50,38.85,37.50,38.20,4400,25.47
2001-10-05,39.58,39.58,37.00,38.99,17000,25.99
2001-10-04,38.85,40.10,37.68,38.85,19600,25.90
2001-10-03,38.20,38.97,37.66,38.82,61400,25.88
2001-10-02,37.66,38.40,37.66,38.07,29200,25.38
2001-10-01,39.75,39.77,37.56,37.70,41600,25.13
2001-09-28,37.91,40.35,37.25,40.00,138800,26.67
2001-09-27,37.50,37.90,36.81,37.90,10600,25.27
2001-09-26,37.15,37.49,36.03,37.49,14600,24.99
2001-09-25,36.91,37.26,35.95,37.12,24800,24.75
2001-09-24,35.95,38.00,35.95,37.60,13500,25.07
2001-09-21,36.50,36.57,36.25,36.25,63800,24.17
2001-09-20,36.75,37.49,36.70,37.49,65000,24.99
2001-09-19,38.09,38.09,36.88,36.88,73000,24.59
2001-09-18,37.66,38.10,37.25,37.91,111800,25.27
2001-09-17,36.00,37.65,36.00,36.92,19800,24.61
2001-09-10,35.20,36.50,35.20,35.51,24000,23.67
2001-09-07,34.75,36.60,34.70,35.40,15300,23.60
2001-09-06,35.31,36.00,31.93,35.50,47600,23.67
2001-09-05,35.70,35.70,35.35,35.61,16500,23.74
2001-09-04,35.40,35.90,35.40,35.70,39400,23.80
2001-08-31,35.45,35.95,35.30,35.35,25000,23.57
2001-08-30,36.70,37.00,35.50,35.50,52600,23.67
2001-08-29,37.26,37.55,36.51,36.52,13000,24.35
2001-08-28,37.38,37.57,37.25,37.27,8400,24.85
2001-08-27,37.07,37.55,37.07,37.38,25200,24.92
2001-08-24,37.06,37.55,37.06,37.35,14600,24.90
2001-08-23,37.49,37.68,37.01,37.52,38600,25.01
2001-08-22,37.70,38.00,36.65,37.25,22400,24.83
2001-08-21,38.09,38.09,36.76,36.80,28600,24.53
2001-08-20,37.80,38.27,37.70,38.01,12900,25.34
2001-08-17,37.90,38.30,37.60,37.90,83800,25.27
2001-08-16,39.00,39.27,37.92,38.00,33800,25.33
2001-08-15,39.39,39.60,38.51,38.52,33400,25.68
2001-08-14,39.04,40.23,39.04,39.52,8400,26.35
2001-08-13,39.85,40.00,39.01,39.30,75400,26.20
2001-08-10,38.50,39.77,38.50,39.77,11100,26.51
2001-08-09,39.20,40.32,38.90,38.96,28600,25.97
2001-08-08,39.75,40.45,39.75,40.20,3400,26.80
2001-08-07,38.55,40.05,38.55,40.00,30600,26.67
2001-08-06,39.94,40.50,37.89,39.40,74800,26.27
2001-08-03,39.51,39.99,39.03,39.10,5800,26.07
2001-08-02,40.40,41.09,39.20,40.10,24400,26.73
2001-08-01,40.00,40.50,38.82,39.95,21200,26.63
2001-07-31,38.51,40.44,38.51,40.00,52400,26.67
2001-07-30,38.60,40.02,38.60,39.00,68400,26.00
2001-07-27,37.91,39.00,37.70,38.93,17600,25.95
2001-07-26,37.95,38.25,37.50,37.92,52400,25.28
2001-07-25,38.00,38.50,37.80,38.10,37000,25.40
2001-07-24,39.50,39.50,37.80,38.50,11200,25.67
2001-07-23,37.85,39.33,37.84,38.97,6800,25.98
2001-07-20,39.50,40.00,38.75,39.41,32000,26.27
2001-07-19,38.65,39.20,38.10,39.20,48200,26.13
2001-07-18,37.70,38.50,37.70,38.17,35000,25.45
2001-07-17,39.30,39.30,36.50,38.05,37400,25.37
2001-07-16,39.88,40.35,38.17,38.50,41000,25.67
2001-07-13,38.00,40.85,38.00,38.80,59200,25.87
2001-07-12,38.35,38.75,38.10,38.74,8800,25.83
2001-07-11,38.77,39.00,37.80,38.25,72800,25.50
2001-07-10,38.93,39.19,38.45,38.84,20700,25.89
2001-07-09,37.81,39.93,37.80,38.50,25200,25.67
2001-07-06,39.62,39.62,37.50,38.00,35400,25.33
2001-07-05,41.00,41.75,39.22,39.22,18800,26.15
2001-07-03,39.90,41.95,39.53,39.53,41600,26.35
2001-07-02,42.00,42.30,41.20,41.41,80100,27.61
2001-06-29,39.06,43.10,39.06,41.28,100600,27.52
2001-06-28,41.99,43.50,37.74,39.12,165200,26.08
2001-06-27,42.00,42.35,39.00,42.04,107800,28.03
2001-06-26,39.81,42.94,39.80,42.10,46400,28.07
2001-06-25,40.82,40.82,38.90,40.25,26600,26.83
2001-06-22,40.43,42.97,40.43,40.44,78200,26.96
2001-06-21,38.39,40.85,38.39,40.34,64500,26.89
2001-06-20,38.10,38.21,38.00,38.00,8600,25.33
2001-06-19,37.90,38.50,37.90,38.00,71000,25.33
2001-06-18,38.00,38.30,37.90,38.20,63900,25.47
2001-06-15,38.69,38.69,37.40,38.40,48800,25.60
2001-06-14,38.10,38.69,38.00,38.69,47400,25.79
2001-06-13,38.75,38.95,38.25,38.50,19000,25.67
2001-06-12,39.15,39.15,38.25,39.00,15400,26.00
2001-06-11,39.40,39.40,38.37,39.25,6300,26.17
2001-06-08,38.93,39.50,38.37,38.61,14600,25.74
2001-06-07,38.55,39.00,38.23,38.50,15400,25.67
2001-06-06,39.20,40.08,38.65,38.65,26600,25.77
2001-06-05,37.01,39.50,37.01,39.50,32600,26.33
2001-06-04,37.01,37.10,36.80,37.00,47200,24.67
2001-06-01,37.10,37.10,36.65,37.10,20200,24.73
2001-05-31,36.90,37.40,36.25,37.09,36300,24.73
2001-05-30,36.62,37.20,36.46,37.10,33200,24.73
2001-05-29,36.89,37.30,35.00,36.77,29200,24.51
2001-05-25,37.25,37.90,36.88,37.50,12400,25.00
2001-05-24,38.20,38.20,37.49,37.59,36200,25.06
2001-05-23,38.00,38.13,37.00,38.13,12900,25.42
2001-05-22,36.59,37.97,36.30,37.97,21800,25.31
2001-05-21,36.50,36.90,36.00,36.59,55600,24.39
2001-05-18,34.86,37.50,34.86,36.57,15800,24.38
2001-05-17,34.66,35.35,34.66,35.24,101200,23.49
2001-05-16,34.80,35.29,34.19,34.66,32000,23.11
2001-05-15,34.51,35.11,34.51,34.67,23700,23.11
2001-05-14,34.35,36.49,33.95,34.67,53000,23.11
2001-05-11,33.99,34.30,33.25,34.15,59100,22.77
2001-05-10,32.90,34.35,32.71,33.80,61000,22.53
2001-05-09,34.00,34.25,33.25,34.25,20700,22.83
2001-05-08,33.20,34.90,32.93,34.20,36800,22.80
2001-05-07,33.76,34.10,32.00,33.40,180300,22.27
2001-05-04,34.76,35.00,32.10,34.95,88000,23.30
2001-05-03,37.00,37.40,35.76,36.08,64400,24.05
2001-05-02,37.70,37.87,37.06,37.60,45800,25.07
2001-05-01,38.45,38.70,37.55,37.90,36000,25.27
2001-04-30,39.30,39.50,37.00,38.45,53400,25.63
2001-04-27,38.00,39.10,37.75,38.70,73400,25.80
2001-04-26,38.17,38.18,37.75,38.00,33200,25.33
2001-04-25,37.19,37.75,36.95,37.65,64500,25.10
2001-04-24,36.20,37.30,36.20,36.70,72900,24.47
2001-04-23,35.74,36.49,35.73,36.01,18000,24.01
2001-04-20,36.35,36.35,34.00,35.74,83100,23.83
2001-04-19,36.51,37.85,36.51,37.85,46400,25.23
2001-04-18,35.62,39.00,35.60,37.80,201400,25.20
2001-04-17,34.75,36.00,34.75,36.00,39900,24.00
2001-04-16,33.75,35.25,33.40,35.25,33900,23.50
2001-04-12,33.08,33.88,32.22,33.75,29000,22.50
2001-04-11,33.18,34.10,33.11,34.10,13400,22.73
2001-04-10,33.99,34.00,33.05,34.00,16200,22.67
2001-04-09,34.61,34.78,33.00,33.00,13400,22.00
2001-04-06,34.19,34.88,33.00,34.88,10000,23.25
2001-04-05,32.50,34.00,32.50,34.00,37400,22.67
2001-04-04,34.88,35.00,32.56,32.56,18200,21.71
2001-04-03,35.50,35.75,35.00,35.13,39800,23.42
2001-04-02,34.94,35.75,34.89,35.56,51600,23.71
2001-03-30,33.98,36.00,33.94,35.00,111400,23.33
2001-03-29,33.19,34.12,33.00,33.56,71600,22.38
2001-03-28,32.62,33.50,32.50,32.97,13400,21.98
2001-03-27,32.62,33.50,32.50,32.62,32600,21.75
2001-03-26,34.62,34.62,32.50,32.62,31400,21.75
2001-03-23,34.98,35.13,34.50,34.56,88000,23.04
2001-03-22,34.56,35.13,34.56,35.00,140600,23.33
2001-03-21,34.25,34.88,34.25,34.88,27800,23.25
2001-03-20,34.00,34.81,34.00,34.50,43800,23.00
2001-03-19,35.88,36.38,33.56,34.12,306400,22.75
2001-03-16,34.88,36.25,34.50,35.37,198900,23.58
2001-03-15,34.69,35.00,33.12,34.62,68700,23.08
2001-03-14,31.94,34.75,31.88,34.62,67400,23.08
2001-03-13,32.13,33.75,32.06,33.75,83800,22.50
2001-03-12,30.50,32.81,30.06,32.13,32400,21.42
2001-03-09,30.06,30.50,29.88,30.50,93800,20.33
2001-03-08,30.75,30.75,29.31,29.75,14600,19.83
2001-03-07,30.98,31.00,30.50,31.00,15200,20.67
2001-03-06,30.50,31.00,30.31,31.00,5800,20.67
2001-03-05,30.98,31.94,30.12,30.44,66200,20.29
2001-03-02,30.87,31.75,30.50,30.50,12400,20.33
2001-03-01,31.92,31.92,30.25,30.63,37600,20.42
2001-02-28,28.25,30.50,27.87,30.12,66400,20.08
2001-02-27,28.38,29.00,27.75,28.92,19000,19.28
2001-02-26,29.50,29.88,28.38,28.38,12800,18.92
2001-02-23,29.13,30.00,28.94,29.50,15400,19.67
2001-02-22,28.88,29.50,28.88,29.13,24300,19.42
2001-02-21,29.00,29.25,28.62,28.88,38200,19.25
2001-02-20,28.89,29.44,28.81,29.25,11600,19.50
2001-02-16,28.25,30.00,28.25,29.31,18200,19.54
2001-02-15,27.87,28.62,27.63,28.50,18400,19.00
2001-02-14,28.48,28.62,27.63,27.81,48800,18.54
2001-02-13,28.62,28.62,28.00,28.50,32700,19.00
2001-02-12,28.00,28.75,28.00,28.62,79500,19.08
2001-02-09,28.81,29.50,28.25,29.00,9600,19.33
2001-02-08,29.56,29.56,28.50,29.00,41000,19.33
2001-02-07,29.44,30.25,29.00,30.00,13500,20.00
2001-02-06,29.25,30.25,29.25,30.00,7400,20.00
2001-02-05,29.81,30.50,28.88,30.25,7400,20.17
2001-02-02,29.88,32.06,29.69,29.69,30800,19.79
2001-02-01,27.86,30.25,27.50,30.19,16800,20.12
2001-01-31,26.92,29.06,26.75,28.12,86700,18.75
2001-01-30,26.44,27.19,26.25,26.62,29000,17.75
2001-01-29,25.94,26.88,25.94,26.31,110200,17.54
2001-01-26,25.06,25.94,25.06,25.94,1800,17.29
2001-01-25,26.00,26.13,25.50,26.00,2600,17.33
2001-01-24,26.00,26.25,25.81,26.25,20600,17.50
2001-01-23,25.77,26.25,25.12,26.25,21400,17.50
2001-01-22,26.62,26.62,26.00,26.00,5800,17.33
2001-01-19,27.00,27.00,25.62,26.19,6400,17.46
2001-01-18,27.08,28.50,25.50,26.50,8800,17.67
2001-01-17,29.02,29.02,27.38,27.38,21200,18.25
2001-01-16,28.88,29.37,27.38,29.37,56000,19.58
2001-01-12,29.36,29.36,28.88,29.00,5600,19.33
2001-01-11,28.75,29.25,28.75,29.25,9600,19.50
2001-01-10,28.50,29.19,28.50,28.75,7800,19.17
2001-01-09,27.89,28.50,27.87,28.50,11000,19.00
2001-01-08,28.44,29.37,27.87,28.38,5800,18.92
2001-01-05,29.50,29.50,28.00,29.25,5000,19.50
2001-01-04,29.19,32.19,28.38,29.75,28400,19.83
2001-01-03,29.13,30.00,28.38,28.56,12600,19.04
2001-01-02,30.00,30.11,28.38,28.50,40400,19.00
2000-12-29,28.62,30.25,28.62,30.12,8000,20.08
2000-12-28,27.31,30.12,27.31,30.12,11100,20.08
2000-12-27,26.88,27.50,26.75,27.50,10400,18.33
2000-12-26,26.62,27.25,26.62,27.00,7800,18.00
2000-12-22,27.00,27.06,26.62,27.06,36400,18.04
2000-12-21,26.50,27.06,26.50,27.00,7000,18.00
2000-12-20,27.06,27.06,26.00,26.50,24000,17.67
2000-12-19,28.23,28.23,27.25,27.25,19800,18.17
2000-12-18,28.00,28.38,28.00,28.00,14600,18.67
2000-12-15,28.31,28.38,27.00,27.87,7800,18.58
2000-12-14,29.00,29.00,28.25,28.62,5600,19.08
2000-12-13,28.44,29.25,27.75,29.25,12800,19.50
2000-12-12,28.23,28.62,27.38,28.00,5800,18.67
2000-12-11,27.12,28.12,26.88,28.12,4000,18.75
2000-12-08,27.50,28.88,27.00,28.88,6000,19.25
2000-12-07,28.88,28.88,27.50,27.50,19500,18.33
2000-12-06,26.62,29.13,26.62,29.00,39300,19.33
2000-12-05,27.63,27.63,26.62,26.88,13800,17.92
2000-12-04,27.52,28.00,27.00,27.50,9200,18.33
2000-12-01,28.31,28.31,27.50,28.00,15600,18.67
2000-11-30,29.00,29.50,27.00,28.25,35000,18.83
2000-11-29,27.63,30.63,27.25,30.00,21300,20.00
2000-11-28,28.50,28.75,27.75,27.75,20800,18.50
2000-11-27,27.75,28.50,26.75,28.12,41200,18.75
2000-11-24,26.98,27.00,26.50,26.75,6400,17.83
2000-11-22,26.75,27.00,26.50,26.62,10500,17.75
2000-11-21,26.62,27.00,26.62,27.00,1600,18.00
2000-11-20,27.12,27.19,26.62,27.06,32000,18.04
2000-11-17,26.02,27.25,26.02,27.00,128600,18.00
2000-11-16,25.38,26.75,25.38,26.75,36800,17.83
2000-11-15,25.44,26.75,25.12,25.75,42000,17.17
2000-11-14,26.00,26.00,25.12,25.12,18200,16.75
2000-11-13,26.81,26.81,25.00,25.06,14400,16.71
2000-11-10,25.50,26.25,24.50,25.69,59700,17.12
2000-11-09,25.25,25.25,24.12,25.00,9200,16.67
2000-11-08,24.50,25.69,24.25,25.25,25400,16.83
2000-11-07,24.42,24.50,24.00,24.19,4000,16.12
2000-11-06,23.37,25.00,23.37,24.38,22000,16.25
2000-11-03,22.98,23.50,22.12,23.37,25600,15.58
2000-11-02,20.94,23.13,20.88,23.00,21400,15.33
2000-11-01,24.81,25.00,24.06,24.06,9200,16.04
2000-10-31,23.00,25.00,23.00,25.00,16000,16.67
2000-10-30,22.75,24.63,22.62,24.06,19400,16.04
2000-10-27,22.75,23.00,22.62,22.75,11600,15.17
2000-10-26,21.75,22.75,21.44,22.75,84600,15.17
2000-10-25,21.00,22.31,20.00,21.75,38100,14.50
2000-10-24,20.44,21.12,20.00,20.25,193600,13.50
2000-10-23,19.75,20.37,19.75,20.37,45300,13.58
2000-10-20,20.75,20.75,19.88,20.00,35400,13.33
2000-10-19,22.20,22.23,20.50,20.75,48400,13.83
2000-10-18,20.06,20.06,18.00,19.50,220600,13.00
2000-10-17,21.87,21.87,21.12,21.25,8600,14.17
2000-10-16,23.00,23.00,22.00,22.12,14200,14.75
2000-10-13,22.50,23.62,22.00,23.00,1400,15.33
2000-10-12,23.14,24.12,22.88,22.88,8800,15.25
2000-10-11,24.81,24.81,23.50,23.88,35600,15.92
2000-10-10,25.88,26.00,25.31,25.31,87400,16.88
2000-10-09,25.88,26.00,25.50,25.50,42200,17.00
2000-10-06,26.75,26.75,25.75,25.75,44600,17.17
2000-10-05,26.00,26.62,26.00,26.62,47200,17.75
2000-10-04,26.50,26.56,26.00,26.56,4400,17.71
2000-10-03,25.94,26.50,25.88,26.50,3900,17.67
2000-10-02,25.62,26.13,25.62,25.88,14400,17.25
2000-09-29,25.56,25.88,25.56,25.88,9400,17.25
2000-09-28,24.63,25.62,24.63,25.62,20700,17.08
2000-09-27,23.94,24.38,23.44,24.38,9400,16.25
2000-09-26,22.62,24.19,22.25,24.19,55000,16.12
2000-09-25,22.50,22.62,21.81,22.50,81200,15.00
2000-09-22,20.56,22.38,20.56,22.38,25500,14.92
2000-09-21,20.50,21.44,20.13,21.44,37400,14.29
2000-09-20,21.00,21.00,19.88,20.13,45300,13.42
2000-09-19,19.66,21.00,19.38,20.62,10600,13.75
2000-09-18,19.25,19.75,19.25,19.38,29600,12.92
2000-09-15,19.50,19.75,19.25,19.73,119600,13.16
2000-09-14,19.56,19.56,19.19,19.38,111300,12.92
2000-09-13,20.75,20.88,19.50,19.50,105400,13.00
2000-09-12,20.62,21.00,20.25,20.50,31200,13.67
2000-09-11,21.94,22.38,20.13,20.50,29600,13.67
2000-09-08,22.06,22.12,21.75,21.94,41600,14.62
2000-09-07,21.50,22.12,21.50,22.00,29600,14.67
2000-09-06,22.50,22.81,21.00,21.50,31400,14.33
2000-09-05,23.22,23.22,22.50,22.62,23600,15.08
2000-09-01,23.56,23.75,23.37,23.37,41400,15.58
2000-08-31,24.22,24.31,23.25,23.44,28600,15.62
2000-08-30,24.38,25.00,24.00,24.25,81800,16.17
2000-08-25,26.00,26.00,25.38,25.62,102600,17.08
2000-08-24,26.69,26.69,26.00,26.37,6200,17.58
2000-08-23,26.25,26.69,25.94,26.13,18200,17.42
2000-08-22,25.75,26.62,25.75,26.25,7600,17.50
2000-08-21,26.91,27.00,25.50,25.75,14000,17.17
2000-08-18,27.09,27.12,26.88,26.88,31200,17.92
2000-08-17,25.44,27.12,25.38,27.12,16400,18.08
2000-08-16,26.00,26.25,25.44,25.62,28000,17.08
2000-08-15,25.88,26.00,24.50,25.62,98000,17.08
2000-08-14,26.88,26.88,25.62,26.13,48900,17.42
2000-08-11,26.75,27.00,26.25,26.88,23100,17.92
2000-08-10,26.50,27.12,26.50,26.50,6900,17.67
2000-08-09,26.88,27.12,26.75,27.12,7800,18.08
2000-08-08,25.88,27.12,25.88,27.12,7000,18.08
2000-08-07,26.50,26.94,26.00,26.94,8600,17.96
2000-08-04,26.00,26.25,25.75,26.00,9000,17.33
2000-08-03,26.31,26.31,25.88,25.94,7600,17.29
2000-08-02,27.12,27.12,26.25,26.25,9400,17.50
2000-08-01,26.00,27.12,25.94,27.00,17600,18.00
2000-07-31,27.06,27.09,25.88,25.94,8000,17.29
2000-07-28,26.62,27.12,26.50,26.94,43400,17.96
2000-07-27,27.75,27.75,27.00,27.50,14200,18.33
2000-07-26,27.12,28.00,27.12,27.19,17000,18.12
2000-07-25,27.38,28.00,26.75,27.75,38000,18.50
2000-07-24,27.38,27.94,27.00,27.69,5100,18.46
2000-07-21,26.88,27.69,26.50,27.38,32200,18.25
2000-07-20,26.88,27.38,26.25,27.00,20200,18.00
2000-07-19,26.50,26.62,25.75,26.50,59000,17.67
2000-07-18,28.50,28.62,25.62,26.50,36400,17.67
2000-07-17,29.09,29.19,27.75,28.12,27800,18.75
2000-07-14,25.75,30.00,25.75,29.78,42300,19.85
2000-07-13,25.97,26.50,24.00,25.75,23800,17.17
2000-07-12,25.38,26.50,25.12,26.25,15800,17.50
2000-07-11,28.09,28.12,25.25,25.25,117800,16.83
2000-07-10,29.19,29.62,28.00,28.19,17600,18.79
2000-07-07,29.50,30.00,28.75,28.88,45800,19.25
2000-07-06,30.56,30.81,29.37,29.62,101400,19.75
2000-07-05,29.75,31.62,29.13,30.38,95600,20.25
2000-07-03,26.69,31.75,26.69,29.50,153400,19.67
2000-06-30,25.66,27.00,25.62,27.00,56800,18.00
2000-06-29,25.88,26.00,25.12,25.62,37000,17.08
2000-06-28,25.09,25.75,25.06,25.69,12200,17.12
2000-06-27,25.56,25.56,25.00,25.12,57400,16.75
2000-06-26,23.50,25.88,23.00,25.25,25600,16.83
2000-06-23,23.25,24.00,22.88,23.94,12800,15.96
2000-06-22,24.31,24.50,23.25,23.25,52400,15.50
2000-06-21,22.38,26.37,22.38,24.63,86800,16.42
2000-06-20,21.00,22.69,20.00,22.69,455100,15.12
2000-06-19,22.50,22.69,21.00,21.50,18900,14.33
2000-06-16,21.00,22.56,21.00,22.56,26100,15.04
2000-06-15,20.59,21.06,19.12,21.06,22600,14.04
2000-06-14,21.19,21.19,20.25,20.78,12800,13.85
2000-06-13,20.75,21.44,20.75,20.97,5600,13.98
2000-06-12,21.38,21.87,20.75,20.78,18800,13.85
2000-06-08,21.38,21.75,21.25,21.75,18800,14.50
2000-06-07,20.00,21.38,20.00,21.38,19000,14.25
2000-06-06,18.00,19.88,17.88,19.88,33800,13.25
2000-06-05,19.75,20.13,18.25,19.25,28200,12.83
2000-06-01,18.69,20.00,18.69,20.00,29600,13.33
2000-05-31,19.22,19.50,18.69,18.69,21800,12.46
2000-05-30,19.00,19.75,18.88,19.19,18800,12.79
2000-05-26,18.88,19.50,18.88,19.00,42300,12.67
2000-05-25,21.62,21.62,17.75,19.37,135600,12.92
2000-05-24,22.69,22.69,21.75,21.75,104800,14.50
2000-05-23,22.53,22.81,22.25,22.69,25000,15.12
2000-05-22,23.50,23.75,22.06,22.94,50400,15.29
2000-05-19,23.44,23.69,23.44,23.44,6800,15.62
2000-05-18,23.59,23.75,23.25,23.44,30800,15.62
2000-05-17,23.25,23.50,22.75,23.50,27400,15.67
2000-05-16,22.50,23.25,22.50,23.06,42000,15.38
2000-05-15,23.00,24.62,22.50,22.50,83000,15.00
2000-05-12,23.50,23.50,22.75,22.75,71100,15.17
2000-05-11,23.87,24.00,22.88,23.50,100000,15.67
2000-05-10,22.31,24.00,22.31,22.81,137000,15.21
2000-05-09,22.63,22.75,21.75,22.25,40400,14.83
2000-05-08,22.31,23.12,22.00,23.00,20200,15.33
2000-05-05,21.81,23.00,21.13,23.00,18600,15.33
2000-05-04,21.50,22.50,21.25,22.25,30000,14.83
2000-05-03,23.00,23.00,19.75,21.94,91000,14.62
2000-05-02,22.25,23.25,22.12,22.63,175600,15.08
2000-05-01,22.12,23.00,21.38,22.50,95700,15.00
2000-04-28,21.97,22.00,21.50,21.88,31400,14.58
2000-04-27,21.31,21.88,21.25,21.75,69200,14.50
2000-04-26,22.88,22.94,21.25,21.75,273000,14.50
2000-04-25,20.56,22.63,20.50,22.06,398600,14.71
2000-04-24,19.88,20.75,19.69,20.75,135800,13.83
2000-04-20,20.06,20.12,19.50,19.88,91200,13.25
2000-04-19,20.00,20.00,19.37,19.50,39000,13.00
2000-04-18,19.00,20.00,18.38,18.88,41800,12.58
2000-04-17,18.62,19.50,17.00,18.69,39800,12.46
2000-04-14,19.00,19.12,18.69,18.75,32200,12.50
2000-04-13,19.25,20.00,19.25,19.37,25800,12.92
2000-04-12,19.59,19.88,19.25,19.25,26600,12.83
2000-04-11,19.63,19.63,19.25,19.31,30400,12.88
2000-04-10,19.50,19.94,19.50,19.63,55200,13.08
2000-04-07,19.12,19.94,19.12,19.56,23600,13.04
2000-04-06,18.50,19.06,18.50,18.81,26600,12.54
2000-04-05,17.94,18.50,17.56,18.00,50000,12.00
2000-04-04,18.00,18.44,17.62,18.44,37600,12.29
2000-04-03,17.50,18.50,17.50,17.75,16500,11.83
2000-03-31,18.00,18.50,17.25,18.00,35800,12.00
2000-03-30,18.50,18.69,17.50,17.75,22600,11.83
2000-03-29,19.37,19.50,18.50,18.97,17000,12.65
2000-03-28,20.50,20.56,19.37,19.37,31400,12.92
2000-03-27,20.50,20.69,20.00,20.00,31500,13.33
2000-03-24,20.50,21.50,20.25,20.50,141800,13.67
2000-03-23,20.06,21.00,19.75,20.38,47800,13.58
2000-03-22,20.00,20.25,19.50,20.00,92700,13.33
2000-03-21,18.31,20.87,18.16,20.75,86000,13.83
2000-03-20,18.56,18.88,18.06,18.50,6000,12.33
2000-03-17,17.50,18.38,17.50,18.13,29200,12.08
2000-03-16,18.00,18.75,17.50,18.00,23700,12.00
2000-03-15,17.50,18.50,16.00,16.75,31800,11.17
2000-03-14,18.00,18.50,17.87,18.00,19500,12.00
2000-03-13,18.62,19.00,17.62,18.75,26700,12.50
2000-03-10,19.88,20.00,19.12,19.12,37400,12.75
2000-03-09,18.75,20.00,18.75,19.12,74800,12.75
2000-03-08,18.88,19.88,18.62,18.62,62000,12.42
2000-03-07,19.00,19.75,18.62,19.19,88600,12.79
2000-03-06,18.13,19.25,18.13,19.00,90900,12.67
2000-03-03,17.38,18.75,17.38,18.25,102000,12.17
2000-03-02,15.62,17.75,15.25,17.75,44800,11.83
2000-03-01,15.00,15.88,15.00,15.50,19800,10.33
2000-02-29,14.87,15.75,14.87,15.50,7600,10.33
2000-02-28,15.75,16.06,14.75,15.75,27400,10.50
2000-02-25,16.34,17.25,15.75,15.75,50800,10.50
2000-02-24,16.28,16.50,16.00,16.12,37400,10.75
2000-02-22,15.00,15.88,14.87,15.62,216800,10.42
2000-02-18,15.00,15.06,14.81,15.00,102900,10.00
2000-02-17,15.00,15.00,14.75,15.00,69300,10.00
2000-02-16,15.00,15.13,14.75,14.87,37500,9.92
2000-02-15,14.87,15.00,14.75,15.00,110000,10.00
2000-02-14,14.81,15.00,14.56,14.56,47000,9.71
2000-02-11,14.78,15.13,14.62,14.69,60400,9.79
2000-02-10,15.19,15.25,14.62,14.75,79400,9.83
2000-02-09,15.13,15.25,15.00,15.13,67000,10.08
2000-02-08,15.00,15.13,14.62,15.06,14200,10.04
2000-02-07,15.50,15.50,14.75,15.00,28000,10.00
2000-02-04,15.44,15.50,15.31,15.31,36600,10.21
2000-02-03,16.00,16.00,15.13,15.50,70000,10.33
2000-02-02,16.75,16.75,15.75,15.88,36400,10.58
2000-02-01,17.00,17.50,16.00,16.00,39300,10.67
2000-01-31,15.19,18.06,15.13,17.62,132400,11.75
2000-01-28,14.31,15.13,14.25,15.00,14600,10.00
2000-01-27,14.94,15.13,14.31,14.31,9400,9.54
2000-01-26,14.66,15.13,14.31,15.13,8200,10.08
2000-01-25,14.44,15.13,14.31,14.38,10200,9.58
2000-01-24,15.13,15.75,14.44,14.75,34800,9.83
2000-01-21,15.50,15.50,14.62,15.13,8800,10.08
2000-01-20,16.50,17.25,15.75,15.75,18800,10.50
2000-01-19,16.81,17.00,16.25,16.25,6400,10.83
2000-01-18,18.66,18.69,16.25,16.63,30400,11.08
2000-01-14,15.19,19.37,15.19,18.00,120200,12.00
2000-01-13,14.69,15.38,14.62,15.13,28600,10.08
2000-01-12,14.78,14.81,14.62,14.62,39900,9.75
2000-01-11,14.50,14.94,14.12,14.94,22400,9.96
2000-01-10,14.31,14.87,14.25,14.25,15300,9.50
2000-01-07,14.25,14.87,14.25,14.87,8000,9.92
2000-01-06,14.56,14.87,14.25,14.75,4600,9.83
2000-01-05,14.12,14.87,14.00,14.25,14600,9.50
2000-01-04,14.62,14.87,14.00,14.25,5200,9.50
2000-01-03,15.13,15.50,13.50,14.62,18800,9.75
1999-12-31,15.25,15.31,15.25,15.25,2800,10.17
1999-12-30,15.44,16.00,15.00,15.50,24600,10.33
1999-12-29,15.50,15.50,15.00,15.00,14000,10.00
1999-12-28,15.00,15.75,15.00,15.25,10800,10.17
1999-12-27,15.62,15.62,15.00,15.62,27400,10.42
1999-12-23,15.19,16.00,15.13,16.00,13000,10.67
1999-12-22,15.62,16.00,15.25,15.62,2100,10.42
1999-12-21,15.13,16.12,15.13,15.38,5600,10.25
1999-12-20,15.38,16.00,15.38,15.62,7400,10.42
1999-12-17,15.38,15.69,15.13,15.38,23000,10.25
1999-12-16,15.88,16.19,15.62,15.62,15200,10.42
1999-12-15,15.88,16.12,15.62,15.75,14000,10.50
1999-12-14,15.31,16.00,15.31,16.00,7000,10.67
1999-12-13,15.50,15.75,15.38,15.69,56100,10.46
1999-12-10,16.19,16.50,15.50,15.50,36300,10.33
1999-12-09,16.00,16.50,16.00,16.25,11200,10.83
1999-12-08,16.06,16.50,16.06,16.12,69000,10.75
1999-12-07,16.44,16.44,15.88,16.06,7600,10.71
1999-12-06,16.69,16.78,15.75,16.25,15600,10.83
1999-12-03,16.25,16.25,15.75,16.25,9800,10.83
1999-12-02,16.00,16.37,15.69,16.25,19600,10.83
1999-12-01,15.34,15.75,15.13,15.62,9300,10.42
1999-11-30,15.00,16.25,14.75,15.13,25000,10.08
1999-11-29,15.06,15.25,15.06,15.19,17800,10.12
1999-11-26,15.00,15.75,15.00,15.00,1500,10.00
1999-11-24,14.75,15.62,14.75,15.62,14800,10.42
1999-11-23,14.12,15.44,14.12,14.75,42000,9.83
1999-11-22,14.19,15.13,13.81,14.12,37400,9.42
1999-11-19,13.50,14.25,13.50,14.00,50700,9.33
1999-11-18,13.37,14.00,13.25,13.31,20200,8.88
1999-11-17,14.06,14.06,13.00,13.63,25800,9.08
1999-11-16,13.88,14.12,13.88,14.03,8000,9.35
1999-11-15,14.19,14.50,13.12,13.88,24600,9.25
1999-11-12,14.00,14.87,14.00,14.00,4400,9.33
1999-11-11,13.88,14.75,13.63,14.00,24000,9.33
1999-11-10,13.75,14.00,13.75,14.00,23800,9.33
1999-11-09,14.25,14.31,13.50,14.00,12900,9.33
1999-11-08,14.75,14.75,14.25,14.25,1000,9.50
1999-11-05,14.94,15.13,14.25,14.87,5800,9.92
1999-11-04,14.75,14.87,14.75,14.75,1000,9.83
1999-11-03,14.87,15.13,14.75,15.00,20000,10.00
1999-11-02,14.75,14.87,14.25,14.25,3600,9.50
1999-11-01,14.53,15.75,14.25,14.25,10500,9.50
1999-10-29,15.97,15.97,14.62,15.00,28200,10.00
1999-10-28,15.00,16.00,15.00,15.94,20600,10.62
1999-10-27,14.44,15.38,14.25,15.25,17200,10.17
1999-10-26,13.78,14.50,13.63,14.50,35000,9.67
1999-10-25,13.06,13.75,13.06,13.63,8800,9.08
1999-10-22,13.12,13.88,12.88,13.25,29200,8.83
1999-10-21,13.37,13.37,13.12,13.34,153800,8.90
1999-10-20,13.12,14.00,12.88,13.25,183400,8.83
1999-10-19,12.56,13.00,12.31,12.81,161200,8.54
1999-10-18,12.62,13.00,12.44,12.50,28000,8.33
1999-10-15,12.06,12.25,11.50,12.00,41000,8.00
1999-10-14,12.00,12.25,12.00,12.00,17000,8.00
1999-10-13,12.88,13.50,12.00,12.13,13400,8.08
1999-10-12,12.94,14.00,12.94,12.94,17000,8.62
1999-10-11,12.25,14.75,12.25,13.12,31200,8.75
1999-10-08,12.00,12.50,11.75,12.38,8600,8.25
1999-10-07,11.12,12.00,11.00,12.00,15400,8.00
1999-10-06,12.13,13.00,10.69,11.62,49600,7.75
1999-10-05,12.19,13.12,11.75,11.81,108900,7.88
1999-10-04,14.62,14.62,11.50,11.75,188200,7.83
1999-10-01,14.87,15.00,14.56,14.56,3800,9.71
1999-09-30,14.81,15.00,14.62,15.00,7800,10.00
1999-09-29,14.94,15.00,14.69,14.75,2800,9.83
1999-09-28,15.00,15.38,14.62,14.75,15400,9.83
1999-09-27,15.50,15.50,15.13,15.13,3900,10.08
1999-09-24,15.75,15.75,14.87,15.25,10200,10.17
1999-09-23,16.00,16.25,15.62,15.62,8400,10.42
1999-09-22,15.50,16.00,15.50,15.88,8000,10.58
1999-09-21,16.00,16.00,15.38,15.50,16000,10.33
1999-09-20,15.56,16.00,15.25,16.00,4800,10.67
1999-09-17,15.62,15.75,15.25,15.38,6900,10.25
1999-09-16,15.00,15.50,14.75,15.00,7800,10.00
1999-09-15,15.44,15.75,15.00,15.75,5800,10.50
1999-09-14,15.88,16.19,15.25,15.25,36200,10.17
1999-09-13,15.44,15.88,15.00,15.88,14600,10.58
1999-09-10,15.19,15.44,14.87,15.00,6600,10.00
1999-09-09,15.50,15.88,14.87,15.13,49800,10.08
1999-09-08,15.69,16.00,15.25,15.50,13000,10.33
1999-09-07,16.00,16.00,15.50,15.62,64500,10.42
1999-09-03,16.00,16.19,15.88,16.00,42400,10.67
1999-09-02,15.88,16.25,15.75,15.88,19500,10.58
1999-09-01,15.88,16.25,15.88,16.00,19400,10.67
1999-08-31,15.62,16.25,15.62,16.12,20700,10.75
1999-08-30,16.25,16.25,15.62,15.75,20000,10.50
1999-08-27,15.56,16.37,15.56,15.75,18200,10.50
1999-08-26,16.25,16.50,15.50,15.50,8800,10.33
1999-08-25,15.62,16.50,14.94,16.25,43500,10.83
1999-08-24,14.00,14.75,13.56,14.62,49600,9.75
1999-08-23,14.44,14.75,13.25,13.88,81000,9.25
1999-08-20,16.00,16.00,13.75,14.00,108600,9.33
1999-08-19,16.63,16.63,15.25,15.38,118400,10.25
1999-08-18,17.81,17.81,16.25,16.75,55200,11.17
1999-08-17,18.38,18.38,17.50,17.50,16500,11.67
1999-08-16,18.00,18.75,18.00,18.38,16500,12.25
1999-08-13,18.25,18.50,17.87,18.00,16600,12.00
1999-08-12,17.87,18.50,17.75,17.75,8600,11.83
1999-08-11,18.00,18.00,17.62,17.87,5200,11.92
1999-08-10,17.12,18.25,17.12,17.81,27800,11.88
1999-08-09,17.25,17.50,16.75,17.50,13400,11.67
1999-08-06,17.87,17.87,17.25,17.75,17200,11.83
1999-08-05,18.38,18.38,16.63,17.50,7500,11.67
1999-08-04,17.62,18.75,17.62,18.75,9800,12.50
1999-08-03,18.88,18.88,17.25,18.62,5600,12.42
1999-08-02,17.75,18.88,17.75,18.75,31800,12.50
1999-07-30,18.03,18.50,17.87,18.38,17000,12.25
1999-07-29,18.50,18.75,18.00,18.75,17700,12.50
1999-07-28,18.62,19.00,18.62,19.00,16500,12.67
1999-07-27,18.81,19.00,18.62,18.75,19400,12.50
1999-07-26,19.00,19.12,18.75,18.75,24400,12.50
1999-07-23,19.12,19.12,18.88,19.12,6200,12.75
1999-07-22,18.88,19.25,18.88,19.00,2600,12.67
1999-07-21,18.94,19.31,18.38,19.00,28000,12.67
1999-07-20,18.88,19.25,18.38,18.38,12200,12.25
1999-07-19,19.25,19.75,19.00,19.25,68600,12.83
1999-07-16,19.00,20.00,18.75,19.75,56400,13.17
1999-07-15,19.12,19.12,18.25,18.50,20100,12.33
1999-07-14,19.00,19.00,18.25,18.25,6400,12.17
1999-07-13,18.75,19.37,18.25,18.75,9400,12.50
1999-07-12,19.00,19.25,18.38,18.75,15200,12.50
1999-07-09,19.75,19.75,18.75,19.00,11200,12.67
1999-07-08,19.37,20.00,19.37,19.75,8700,13.17
1999-07-07,18.50,19.25,18.25,19.19,55200,12.79
1999-07-06,17.62,18.62,17.62,18.13,16200,12.08
1999-07-02,17.75,17.94,17.38,17.87,5000,11.92
1999-07-01,17.25,17.75,17.00,17.75,5600,11.83
1999-06-30,17.50,17.75,17.06,17.69,10000,11.79
1999-06-29,17.69,18.00,17.38,17.38,13500,11.58
1999-06-28,17.12,17.12,16.94,17.12,47100,11.42
1999-06-25,16.63,17.25,16.63,17.00,8000,11.33
1999-06-24,16.50,17.12,16.50,16.75,8800,11.17
1999-06-23,16.94,17.00,16.50,16.50,8200,11.00
1999-06-22,16.75,17.12,16.75,17.06,1500,11.38
1999-06-21,16.63,17.06,16.12,17.06,41100,11.38
1999-06-18,16.12,16.12,15.62,15.75,69300,10.50
1999-06-17,15.00,16.19,15.00,15.62,79000,10.42
1999-06-16,16.00,16.25,14.12,14.38,33400,9.58
1999-06-15,16.63,17.00,15.25,15.75,27000,10.50
1999-06-14,17.03,17.44,16.63,17.38,17600,11.58
1999-06-11,16.88,17.44,16.88,17.00,30200,11.33
1999-06-10,17.50,17.75,16.37,17.25,32100,11.50
1999-06-09,17.75,17.87,17.50,17.62,23800,11.75
1999-06-08,17.50,18.00,17.50,17.87,23100,11.92
1999-06-07,18.25,18.62,17.75,17.75,39200,11.83
1999-06-04,18.31,18.38,18.00,18.25,4600,12.17
1999-06-03,18.31,18.50,17.62,18.13,5000,12.08
1999-06-02,18.13,18.62,18.00,18.00,1600,12.00
1999-06-01,18.25,18.50,18.00,18.50,9000,12.33
1999-05-28,18.38,18.38,17.50,17.75,24300,11.83
1999-05-27,18.38,18.50,17.81,18.00,7000,12.00
1999-05-26,18.00,18.38,17.81,17.81,29400,11.88
1999-05-25,17.25,17.87,17.00,17.50,50000,11.67
1999-05-24,18.25,18.25,17.38,17.94,8000,11.96
1999-05-21,18.25,18.75,18.25,18.62,7200,12.42
1999-05-20,17.50,18.00,17.25,18.00,6900,12.00
1999-05-19,17.87,18.75,17.75,17.75,9900,11.83
1999-05-18,18.00,18.75,18.00,18.25,9800,12.17
1999-05-17,17.00,18.00,16.88,18.00,16400,12.00
1999-05-14,17.00,17.00,16.88,16.88,85600,11.25
1999-05-13,17.00,17.25,16.50,17.00,70400,11.33
1999-05-12,16.75,17.38,16.75,17.12,2200,11.42
1999-05-11,16.88,17.25,16.75,17.25,117400,11.50
1999-05-10,17.50,17.50,16.81,17.06,14000,11.38
1999-05-07,16.50,17.38,16.50,16.75,18400,11.17
1999-05-06,16.75,17.50,16.75,16.75,26000,11.17
1999-05-05,17.25,17.44,16.88,17.06,37400,11.38
1999-05-04,17.00,17.75,17.00,17.75,24300,11.83
1999-05-03,17.00,17.50,17.00,17.50,3400,11.67
1999-04-30,17.62,17.87,17.00,17.00,20800,11.33
1999-04-29,17.00,17.87,17.00,17.25,12800,11.50
1999-04-28,18.13,18.13,17.00,17.00,17600,11.33
1999-04-27,18.13,18.13,17.25,17.38,4500,11.58
1999-04-26,17.12,18.38,16.50,17.25,113000,11.50
1999-04-23,18.69,19.00,17.50,17.69,17800,11.79
1999-04-22,19.25,19.63,18.50,18.50,32200,12.33
1999-04-21,19.12,19.75,19.12,19.75,23800,13.17
1999-04-20,18.25,19.63,18.25,19.63,50400,13.08
1999-04-19,18.41,18.88,18.38,18.88,49400,12.58
1999-04-16,18.25,18.75,18.00,18.44,50400,12.29
1999-04-15,17.87,19.00,17.75,18.50,29800,12.33
1999-04-14,17.00,18.50,17.00,17.75,14600,11.83
1999-04-13,17.25,17.25,16.25,17.12,9400,11.42
1999-04-12,16.50,17.12,16.50,17.12,7800,11.42
1999-04-09,15.75,16.63,15.75,16.63,28600,11.08
1999-04-08,16.25,16.63,15.50,15.62,25000,10.42
1999-04-07,16.50,16.88,16.37,16.75,6900,11.17
1999-04-06,16.75,17.00,16.25,16.75,43600,11.17
1999-04-05,17.12,17.38,16.75,16.75,54200,11.17
1999-04-01,16.25,17.31,16.25,17.12,44800,11.42
1999-03-31,17.50,17.50,16.12,16.25,285200,10.83
1999-03-30,17.62,17.81,17.25,17.25,44000,11.50
1999-03-29,17.75,17.87,17.50,17.56,36400,11.71
1999-03-26,17.87,17.94,17.38,17.87,16600,11.92
1999-03-25,17.75,17.87,17.50,17.62,8800,11.75
1999-03-24,18.38,18.38,17.50,17.75,6200,11.83
1999-03-23,18.50,18.50,17.25,17.50,20400,11.67
1999-03-22,18.25,18.50,18.13,18.31,17000,12.21
1999-03-19,18.50,19.00,18.13,18.75,11800,12.50
1999-03-18,18.75,19.00,18.62,18.75,33800,12.50
1999-03-17,19.00,19.12,18.88,18.88,15900,12.58
1999-03-16,18.88,19.37,18.88,19.00,21400,12.67
1999-03-15,19.00,19.12,18.75,19.00,18200,12.67
1999-03-12,19.50,19.50,18.88,19.00,8600,12.67
1999-03-11,19.00,19.50,18.88,19.00,17600,12.67
1999-03-10,19.50,19.63,19.00,19.12,12400,12.75
1999-03-09,18.75,19.50,18.75,19.12,26000,12.75
1999-03-08,19.88,20.06,18.38,19.25,18900,12.83
1999-03-05,20.38,20.69,19.88,20.00,11800,13.33
1999-03-04,19.88,20.69,19.88,20.38,12200,13.58
1999-03-03,21.38,21.50,18.50,20.00,39800,13.33
1999-03-02,21.13,21.75,21.13,21.31,69000,14.21
1999-03-01,21.38,21.50,21.13,21.31,29800,14.21
1999-02-26,21.50,21.50,20.94,21.00,23600,14.00
1999-02-25,20.81,21.38,20.62,21.38,67800,14.25
1999-02-24,20.50,21.50,20.50,21.00,19400,14.00
1999-02-23,20.00,21.00,20.00,20.38,50600,13.58
1999-02-22,20.00,20.31,19.88,20.00,103400,13.33
1999-02-19,20.00,20.50,19.94,19.94,19600,13.29
1999-02-18,20.25,20.38,19.75,20.06,16000,13.38
1999-02-17,20.00,20.50,19.88,20.00,12800,13.33
1999-02-16,19.88,20.50,19.88,20.38,54900,13.58
1999-02-12,20.50,20.50,19.88,20.00,17000,13.33
1999-02-11,20.25,21.00,19.50,20.38,11000,13.58
1999-02-10,19.00,20.94,19.00,20.12,93200,13.42
1999-02-09,19.88,20.00,19.63,19.63,24400,13.08
1999-02-08,19.63,20.25,19.37,19.37,53800,12.92
1999-02-05,20.00,20.12,19.00,19.63,26000,13.08
1999-02-04,18.88,21.19,18.88,19.88,74400,13.25
1999-02-03,18.38,19.12,18.25,19.12,99300,12.75
1999-02-02,19.00,19.75,19.00,19.63,51600,13.08
1999-02-01,19.94,20.00,19.00,19.31,107000,12.88
1999-01-29,19.00,20.00,19.00,19.75,14200,13.17
1999-01-28,19.63,19.63,18.81,19.63,10400,13.08
1999-01-27,19.63,20.00,19.63,19.63,56100,13.08
1999-01-26,19.37,20.06,19.37,19.63,59400,13.08
1999-01-25,19.37,20.00,18.62,19.63,100000,13.08
1999-01-22,19.00,19.25,18.62,18.62,18000,12.42
1999-01-21,19.88,19.88,19.06,19.50,48200,13.00
1999-01-20,18.75,19.88,18.75,19.06,49600,12.71
1999-01-19,18.88,19.37,17.75,18.75,104000,12.50
1999-01-15,16.75,19.37,15.25,18.62,307600,12.42
1999-01-14,16.75,17.75,15.25,15.38,144800,10.25
1999-01-13,16.63,17.00,15.75,16.50,128800,11.00
1999-01-12,17.12,17.19,15.50,16.75,181800,11.17
1999-01-11,17.75,18.25,17.06,17.50,119800,11.67
1999-01-08,19.12,19.12,17.00,18.13,92800,12.08
1999-01-07,20.25,20.25,18.75,19.19,39800,12.79
1999-01-06,19.88,20.38,18.62,20.00,45800,13.33
1999-01-05,20.38,20.50,19.75,19.75,7600,13.17
1999-01-04,23.12,23.50,19.75,20.25,64400,13.50
1998-12-31,19.88,23.12,19.75,22.00,51000,14.67
1998-12-30,19.06,22.63,19.00,20.75,97500,13.83
1998-12-29,17.87,19.63,17.62,19.12,29000,12.75
1998-12-28,17.87,18.38,17.50,18.38,16500,12.25
1998-12-24,18.13,18.38,17.75,18.13,22500,12.08
1998-12-23,18.25,18.50,18.13,18.13,8000,12.08
1998-12-22,17.87,18.38,17.50,18.13,37000,12.08
1998-12-21,18.75,18.75,17.50,17.50,26200,11.67
1998-12-18,18.13,18.62,17.38,18.44,70600,12.29
1998-12-17,17.00,18.25,17.00,18.25,5000,12.17
1998-12-16,17.12,17.75,17.12,17.62,8600,11.75
1998-12-15,16.88,17.50,16.88,17.50,23600,11.67
1998-12-14,18.75,18.75,16.37,17.06,57600,11.38
1998-12-11,18.44,18.44,18.13,18.38,20100,12.25
1998-12-10,18.25,18.88,18.25,18.38,21800,12.25
1998-12-09,18.00,18.88,17.87,18.50,21400,12.33
1998-12-08,18.13,18.62,18.00,18.00,19000,12.00
1998-12-07,18.62,18.62,18.00,18.50,11600,12.33
1998-12-04,18.31,18.62,18.31,18.38,11200,12.25
1998-12-03,18.50,18.75,18.38,18.38,9800,12.25
1998-12-02,18.62,18.88,18.38,18.38,15600,12.25
1998-12-01,18.75,18.75,17.87,18.38,24400,12.25
1998-11-30,19.63,19.75,18.25,18.62,45400,12.42
1998-11-27,18.50,20.00,18.50,19.63,55000,13.08
1998-11-25,17.62,18.88,17.50,18.62,161100,12.42
1998-11-24,17.00,17.50,16.88,17.00,23100,11.33
1998-11-23,17.25,17.75,17.00,17.25,101800,11.50
1998-11-20,16.63,17.25,16.00,16.88,147600,11.25
1998-11-19,15.62,16.50,15.62,16.37,43400,10.92
1998-11-18,15.38,15.75,15.25,15.75,19500,10.50
1998-11-17,15.38,15.88,15.38,15.50,17400,10.33
1998-11-16,15.38,15.62,15.25,15.62,26600,10.42
1998-11-13,15.00,15.25,14.75,15.00,131400,10.00
1998-11-12,14.62,15.00,14.62,14.81,9600,9.88
1998-11-11,16.00,16.00,14.50,15.00,39900,10.00
1998-11-10,16.25,16.37,15.50,15.56,221600,10.38
1998-11-09,16.12,16.50,16.12,16.25,51300,10.83
1998-11-06,16.50,16.50,16.12,16.25,19000,10.83
1998-11-05,16.37,16.50,16.12,16.25,26000,10.83
1998-11-04,16.00,16.25,15.62,16.00,37200,10.67
1998-11-03,16.37,16.37,15.50,15.75,27900,10.50
1998-11-02,16.12,16.37,15.50,15.75,44800,10.50
1998-10-30,16.37,16.50,15.88,15.88,50200,10.58
1998-10-29,16.63,16.63,16.00,16.00,51300,10.67
1998-10-28,16.00,16.88,15.75,16.50,49500,11.00
1998-10-27,15.88,16.25,15.62,16.00,82200,10.67
1998-10-26,15.94,16.00,15.50,15.88,10400,10.58
1998-10-23,15.62,15.75,15.13,15.62,30300,10.42
1998-10-22,14.50,16.37,14.38,15.75,122600,10.50
1998-10-21,13.88,14.47,13.88,14.47,88400,9.65
1998-10-20,13.63,14.25,13.63,14.12,36000,9.42
1998-10-19,14.00,14.00,13.50,13.88,17600,9.25
1998-10-16,13.75,14.00,13.75,14.00,15400,9.33
1998-10-15,13.12,14.00,13.12,14.00,72300,9.33
1998-10-14,13.06,13.63,13.06,13.63,4500,9.08
1998-10-13,13.25,13.63,12.75,13.06,11100,8.71
1998-10-12,13.88,13.88,13.50,13.50,27800,9.00
1998-10-09,13.25,13.88,12.88,13.75,53100,9.17
1998-10-08,13.00,13.00,10.50,12.75,112800,8.50
1998-10-07,13.75,13.88,13.12,13.25,19000,8.83
1998-10-06,13.88,14.25,13.75,13.88,187600,9.25
1998-10-05,13.37,14.00,13.37,13.88,83700,9.25
1998-10-02,13.37,13.88,13.37,13.37,6800,8.92
1998-10-01,13.37,13.94,13.25,13.88,6600,9.25
1998-09-30,13.50,14.12,13.50,14.12,12400,9.42
1998-09-29,13.75,13.75,13.31,13.31,6000,8.88
1998-09-28,13.94,14.06,13.50,13.50,3300,9.00
1998-09-25,14.00,14.06,14.00,14.06,2000,9.38
1998-09-24,14.19,14.19,14.00,14.00,21400,9.33
1998-09-23,13.88,14.19,13.75,14.06,26700,9.38
1998-09-22,14.19,14.19,13.75,14.00,33600,9.33
1998-09-21,14.19,14.19,13.75,14.00,8800,9.33
1998-09-18,13.12,14.19,13.12,14.12,33400,9.42
1998-09-17,13.12,13.50,12.75,13.50,24400,9.00
1998-09-16,12.88,13.19,12.88,13.00,11000,8.67
1998-09-15,12.88,13.63,12.50,13.12,44200,8.75
1998-09-14,12.38,12.88,12.38,12.75,11200,8.50
1998-09-11,12.25,12.56,12.25,12.50,29600,8.33
1998-09-10,12.62,12.62,12.00,12.25,10400,8.17
1998-09-09,12.50,12.62,12.25,12.62,14100,8.42
1998-09-08,12.25,12.50,12.25,12.38,32700,8.25
1998-09-04,11.75,12.25,11.75,11.87,11000,7.92
1998-09-03,12.00,12.25,11.50,12.00,32600,8.00
1998-09-02,12.50,13.00,12.00,12.00,28200,8.00
1998-09-01,12.62,13.12,12.50,12.50,29100,8.33
1998-08-31,12.50,12.75,12.50,12.75,36200,8.50
1998-08-28,12.75,13.00,12.25,13.00,23600,8.67
1998-08-27,12.00,12.62,11.62,12.25,57900,8.17
1998-08-26,11.75,12.50,11.75,12.38,15200,8.25
1998-08-25,12.25,12.75,11.75,12.50,14200,8.33
1998-08-24,12.62,12.88,12.13,12.25,22200,8.17
1998-08-21,12.75,13.00,12.62,12.62,14000,8.42
1998-08-20,12.75,13.12,12.50,13.12,43600,8.75
1998-08-19,13.63,13.63,13.25,13.25,8200,8.83
1998-08-18,13.63,13.69,13.50,13.69,9300,9.12
1998-08-17,13.75,14.00,13.63,13.75,30600,9.17
1998-08-14,13.63,14.00,13.63,13.88,10000,9.25
1998-08-13,13.75,14.00,13.75,13.88,14000,9.25
1998-08-12,13.88,13.88,13.37,13.75,33400,9.17
1998-08-11,14.00,14.00,13.50,13.63,19200,9.08
1998-08-10,13.75,14.38,13.75,14.38,14800,9.58
1998-08-07,14.00,14.75,13.75,14.12,38700,9.42
1998-08-06,13.25,14.50,13.25,13.88,12200,9.25
1998-08-05,13.25,13.50,13.12,13.50,39200,9.00
1998-08-04,14.12,14.12,12.88,13.25,78900,8.83
1998-08-03,14.87,14.87,13.88,13.94,38000,9.29
1998-07-31,14.69,14.81,14.50,14.50,42900,9.67
1998-07-30,14.62,14.81,14.62,14.62,12300,9.75
1998-07-29,14.81,14.81,14.62,14.62,95800,9.75
1998-07-28,14.75,14.75,14.56,14.75,30800,9.83
1998-07-27,14.81,14.87,14.69,14.75,17800,9.83
1998-07-24,14.69,14.87,14.69,14.87,32200,9.92
1998-07-23,14.62,14.87,14.50,14.75,52200,9.83
1998-07-22,14.87,15.00,14.50,14.56,26000,9.71
1998-07-21,15.00,15.25,14.87,15.00,24000,10.00
1998-07-20,15.00,15.50,14.87,15.00,32700,10.00
1998-07-17,15.19,15.50,15.00,15.25,53200,10.17
1998-07-16,15.50,15.50,14.75,15.19,123400,10.12
1998-07-15,14.50,15.38,14.50,15.13,240800,10.08
1998-07-14,14.38,14.87,14.38,14.62,3900,9.75
1998-07-13,14.62,15.00,14.38,14.38,35400,9.58
1998-07-10,14.31,15.00,14.31,14.81,4800,9.88
1998-07-09,14.12,14.75,14.00,14.38,11600,9.58
1998-07-08,13.88,14.50,13.88,14.12,17600,9.42
1998-07-07,15.00,15.00,13.88,14.50,50100,9.67
1998-07-06,14.75,14.75,14.75,14.75,2200,9.83
1998-07-02,14.62,14.94,14.62,14.75,9000,9.83
1998-07-01,15.00,15.00,14.38,14.75,34600,9.83
1998-06-30,14.87,14.87,14.38,14.38,23200,9.58
1998-06-29,14.62,14.94,14.38,14.94,17000,9.96
1998-06-26,14.75,15.00,14.62,14.87,3800,9.92
1998-06-25,14.62,15.00,14.62,14.94,8100,9.96
1998-06-24,14.81,14.94,14.50,14.62,19200,9.75
1998-06-23,14.50,15.00,14.50,14.94,22400,9.96
1998-06-22,14.62,14.75,14.50,14.62,11600,9.75
1998-06-19,14.62,14.94,14.50,14.50,6600,9.67
1998-06-18,14.62,15.13,14.62,14.87,41100,9.92
1998-06-17,15.13,15.13,14.62,15.06,17000,10.04
1998-06-16,15.13,15.13,14.50,14.62,15400,9.75
1998-06-15,15.00,15.00,14.50,14.50,5000,9.67
1998-06-12,15.00,15.25,15.00,15.00,101600,10.00
1998-06-11,15.38,15.38,15.00,15.00,102400,10.00
1998-06-10,15.13,15.38,15.13,15.25,19200,10.17
1998-06-09,15.25,15.75,15.13,15.31,102400,10.21
1998-06-08,15.62,15.75,15.00,15.38,113700,10.25
1998-06-05,14.94,15.38,14.62,15.38,16600,10.25
1998-06-04,14.62,15.00,14.62,14.69,4000,9.79
1998-06-03,14.87,15.00,14.38,14.87,214400,9.92
1998-06-02,14.87,14.87,14.38,14.62,39800,9.75
1998-06-01,14.56,14.75,14.38,14.50,35200,9.67
1998-05-29,14.87,14.87,14.50,14.62,42800,9.75
1998-05-28,15.25,15.25,14.87,14.87,2400,9.92
1998-05-27,15.25,15.25,14.75,15.00,53600,10.00
1998-05-26,15.50,15.50,15.25,15.25,6300,10.17
1998-05-22,15.38,15.62,15.38,15.38,10200,10.25
1998-05-21,15.25,15.69,15.25,15.50,30400,10.33
1998-05-20,15.50,15.56,15.25,15.56,41200,10.38
1998-05-19,15.38,15.50,15.13,15.25,23100,10.17
1998-05-18,15.13,15.50,15.13,15.13,23800,10.08
1998-05-15,15.25,15.50,15.13,15.38,18800,10.25
1998-05-14,15.00,15.50,15.00,15.25,48000,10.17
1998-05-13,15.25,15.50,15.13,15.25,52800,10.17
1998-05-12,14.87,15.44,14.87,15.44,105800,10.29
1998-05-11,15.25,15.50,15.00,15.25,36900,10.17
1998-05-08,15.13,15.25,15.00,15.13,46400,10.08
1998-05-07,15.19,15.19,15.06,15.06,69200,10.04
1998-05-06,15.00,15.31,14.94,15.13,211500,10.08
1998-05-05,15.13,15.25,14.75,14.75,13400,9.83
1998-05-04,15.13,15.25,14.69,15.25,35800,10.17
1998-05-01,15.13,15.19,14.50,14.62,305200,9.75
1998-04-30,14.87,15.00,14.87,15.00,24200,10.00
1998-04-29,14.50,15.25,14.50,15.00,95100,10.00
1998-04-28,14.12,15.13,13.63,15.13,59600,10.08
1998-04-27,13.12,14.00,13.12,14.00,59700,9.33
1998-04-24,14.25,14.75,13.00,13.63,97500,9.08
1998-04-23,14.75,14.75,14.00,14.69,26000,9.79
1998-04-22,14.62,14.75,14.00,14.38,46600,9.58
1998-04-21,15.00,15.00,14.50,14.87,36400,9.92
1998-04-20,15.38,15.75,14.50,15.13,81300,10.08
1998-04-17,15.75,16.25,15.25,15.62,86400,10.42
1998-04-16,15.50,16.37,15.25,16.19,102200,10.79
1998-04-15,15.25,15.56,15.13,15.56,46600,10.38
1998-04-14,15.13,15.25,15.06,15.25,45800,10.17
1998-04-13,15.13,15.25,15.00,15.25,46000,10.17
1998-04-09,14.87,15.25,14.87,15.13,48000,10.08
1998-04-08,15.25,15.25,14.87,14.87,102200,9.92
1998-04-07,15.00,15.13,15.00,15.13,32100,10.08
1998-04-06,15.38,15.38,15.00,15.19,28000,10.12
1998-04-03,15.19,15.50,15.13,15.19,34000,10.12
1998-04-02,14.75,15.50,14.75,15.19,131000,10.12
1998-04-01,15.00,15.25,14.75,15.00,14200,10.00
1998-03-31,15.50,15.50,14.87,15.13,33200,10.08
1998-03-30,15.75,15.75,15.25,15.50,21600,10.33
1998-03-27,15.13,15.50,15.13,15.50,20200,10.33
1998-03-26,15.00,15.50,14.38,15.50,54800,10.33
1998-03-25,15.62,15.62,14.62,14.87,40200,9.92
1998-03-24,16.00,16.12,15.38,15.50,34400,10.33
1998-03-23,15.50,15.88,15.00,15.88,60200,10.58
1998-03-20,16.44,16.63,15.50,15.50,138000,10.33
1998-03-19,16.00,16.12,15.75,16.00,127000,10.67
1998-03-18,16.06,16.06,15.75,15.94,16400,10.62
1998-03-17,15.62,16.06,15.62,16.00,59600,10.67
1998-03-16,15.62,16.00,15.62,15.94,18800,10.62
1998-03-13,15.38,16.00,15.38,15.75,24800,10.50
1998-03-12,16.00,16.25,15.88,15.88,144800,10.58
1998-03-11,16.00,16.50,15.75,16.12,82500,10.75
1998-03-10,15.75,16.37,15.62,16.25,72600,10.83
1998-03-09,16.50,16.75,16.00,16.12,146000,10.75
1998-03-06,15.50,16.50,15.50,16.25,189200,10.83
1998-03-05,15.38,15.81,15.13,15.50,92400,10.33
1998-03-04,14.87,15.75,14.75,15.69,144300,10.46
1998-03-03,15.50,15.50,14.87,15.38,50800,10.25
1998-03-02,14.12,15.38,13.81,15.38,100600,10.25
1998-02-27,14.62,14.62,13.81,14.12,116000,9.42
1998-02-26,14.62,14.75,14.25,14.50,49800,9.67
1998-02-25,14.25,14.75,14.25,14.38,138800,9.58
1998-02-24,13.88,14.38,12.75,14.25,183000,9.50
1998-02-23,14.50,14.62,14.00,14.12,117000,9.42
1998-02-20,14.50,14.62,14.00,14.62,31600,9.75
1998-02-19,14.62,14.62,14.31,14.38,58600,9.58
1998-02-18,14.12,15.38,14.00,14.62,113000,9.75
1998-02-17,14.50,14.50,14.06,14.38,33300,9.58
1998-02-13,14.25,14.75,14.12,14.50,23200,9.67
1998-02-12,14.62,15.00,14.25,14.25,34000,9.50
1998-02-11,14.38,14.75,14.25,14.38,24800,9.58
1998-02-10,15.13,15.25,14.00,14.38,97600,9.58
1998-02-09,15.38,15.94,15.00,15.19,62600,10.12
1998-02-06,15.44,15.62,14.62,15.25,112400,10.17
1998-02-05,16.12,16.12,15.00,15.50,160600,10.33
1998-02-04,14.75,16.63,14.75,16.00,430600,10.67
1998-02-03,14.00,15.88,13.75,15.25,505000,10.17
1998-02-02,12.62,13.94,12.62,13.75,161400,9.17
1998-01-30,12.88,13.25,12.75,13.00,21800,8.67
1998-01-29,13.25,13.25,12.75,12.88,13500,8.58
1998-01-28,12.75,13.25,12.75,12.88,17700,8.58
1998-01-27,12.88,13.25,12.88,13.00,4400,8.67
1998-01-26,12.88,13.12,12.75,12.88,4600,8.58
1998-01-23,13.12,13.25,13.03,13.03,10400,8.69
1998-01-22,13.00,13.50,13.00,13.12,14400,8.75
1998-01-21,13.50,13.75,13.12,13.75,6200,9.17
1998-01-20,13.75,13.75,13.25,13.25,7600,8.83
1998-01-16,13.75,13.75,13.25,13.50,7400,9.00
1998-01-15,13.37,13.75,13.12,13.25,6400,8.83
1998-01-14,14.25,14.25,13.50,13.50,11000,9.00
1998-01-13,13.63,14.12,13.50,13.75,61800,9.17
1998-01-12,14.00,14.12,13.63,14.12,59600,9.42
1998-01-09,13.63,14.12,13.50,14.00,51200,9.33
1998-01-08,13.63,14.25,13.25,14.00,56200,9.33
1998-01-07,13.75,13.75,13.12,13.37,38600,8.92
1998-01-06,12.38,14.50,12.38,13.88,105800,9.25
1998-01-05,12.00,12.94,12.00,12.94,20800,8.62
1998-01-02,12.25,12.50,12.00,12.50,12400,8.33
1997-12-31,12.25,12.62,12.00,12.38,38700,8.25
1997-12-30,12.50,12.62,12.25,12.62,13200,8.42
1997-12-29,13.00,13.37,12.50,12.50,9200,8.33
1997-12-26,12.88,13.37,12.88,12.88,3900,8.58
1997-12-24,12.75,13.37,12.75,13.37,11700,8.92
1997-12-23,13.25,13.50,12.62,13.25,53100,8.83
1997-12-22,12.13,13.50,12.13,13.25,109600,8.83
1997-12-19,10.75,12.38,10.75,12.38,79400,8.25
1997-12-18,10.63,11.00,10.63,11.00,11600,7.33
1997-12-17,10.63,10.81,10.63,10.63,7600,7.08
1997-12-16,10.75,11.25,10.75,10.75,11200,7.17
1997-12-15,10.88,11.50,10.75,10.88,26600,7.25
1997-12-12,11.12,11.25,11.00,11.00,10400,7.33
1997-12-11,11.75,11.75,11.00,11.00,29400,7.33
1997-12-10,12.25,12.25,11.50,11.75,12800,7.83
1997-12-09,12.25,12.38,12.00,12.00,13600,8.00
1997-12-08,12.25,12.75,12.25,12.25,10400,8.17
1997-12-05,12.13,12.62,12.13,12.62,40400,8.42
1997-12-04,12.25,12.50,12.00,12.50,12400,8.33
1997-12-03,11.75,12.50,11.50,12.50,34500,8.33
1997-12-02,10.88,11.75,10.75,11.62,34200,7.75
1997-12-01,11.00,11.00,10.75,10.88,30800,7.25
1997-11-28,10.88,11.00,10.88,11.00,5200,7.33
1997-11-26,11.00,11.00,10.75,10.75,11600,7.17
1997-11-25,11.00,11.00,10.81,11.00,39600,7.33
1997-11-24,11.00,11.12,10.50,11.00,36200,7.33
1997-11-21,11.00,11.12,10.50,10.50,37400,7.00
1997-11-20,11.12,11.12,10.63,11.00,32600,7.33
1997-11-19,10.75,11.12,10.75,10.75,12900,7.17
1997-11-18,10.63,11.00,10.63,11.00,7600,7.33
1997-11-17,11.06,11.12,10.63,10.63,48400,7.08
1997-11-14,11.00,11.00,10.75,10.88,11000,7.25
1997-11-13,11.12,11.25,11.00,11.00,10600,7.33
1997-11-12,11.12,11.38,10.88,11.00,31000,7.33
1997-11-11,11.75,11.75,11.25,11.25,23600,7.50
1997-11-10,11.75,12.00,11.75,11.87,8000,7.92
1997-11-07,12.00,12.25,11.75,11.87,25800,7.92
1997-11-06,12.38,12.62,12.13,12.25,67600,8.17
1997-11-05,12.38,12.62,12.38,12.38,26000,8.25
1997-11-04,12.25,12.62,12.00,12.25,24400,8.17
1997-11-03,11.50,12.75,11.25,12.50,50000,8.33
1997-10-31,11.25,11.75,11.25,11.50,8600,7.67
1997-10-30,11.00,11.62,10.75,11.25,15400,7.50
1997-10-29,11.25,11.75,10.75,11.31,17100,7.54
1997-10-28,11.00,11.00,10.50,11.00,43000,7.33
1997-10-27,12.13,12.25,11.50,11.50,10400,7.67
1997-10-24,12.62,12.62,12.13,12.13,4500,8.08
1997-10-23,11.94,12.50,11.62,12.38,27400,8.25
1997-10-22,12.75,13.00,11.81,12.38,51600,8.25
1997-10-21,13.63,13.75,12.38,12.50,45900,8.33
1997-10-20,13.00,13.25,12.00,13.25,64800,8.83
1997-10-17,13.25,13.50,11.50,12.94,77800,8.62
1997-10-16,14.25,14.50,12.62,13.00,142800,8.67
1997-10-15,13.00,14.75,12.88,14.50,173100,9.67
1997-10-14,12.00,13.50,12.00,13.50,205000,9.00
1997-10-13,11.12,12.38,10.50,12.38,94400,8.25
1997-10-10,11.75,12.13,10.75,11.50,115400,7.67
1997-10-09,10.37,12.25,10.37,12.00,341800,8.00
1997-10-08,10.25,10.50,10.25,10.50,20700,7.00
1997-10-07,10.81,10.81,10.50,10.50,27400,7.00
1997-10-06,10.63,10.81,10.63,10.81,19800,7.21
1997-10-03,10.63,10.88,10.63,10.63,18400,7.08
1997-10-02,10.75,10.88,10.63,10.63,96200,7.08
1997-10-01,10.75,10.88,10.63,10.88,31500,7.25
1997-09-30,10.63,10.75,10.56,10.63,22000,7.08
1997-09-29,10.50,10.75,10.50,10.56,53200,7.04
1997-09-26,10.50,10.50,10.25,10.37,11800,6.92
1997-09-25,10.37,10.50,10.25,10.37,40500,6.92
1997-09-24,10.25,10.50,10.25,10.50,34500,7.00
1997-09-23,10.25,10.50,10.25,10.25,60300,6.83
1997-09-22,10.63,10.75,10.37,10.37,68000,6.92
1997-09-19,10.63,10.75,10.63,10.75,20100,7.17
1997-09-18,10.63,10.88,10.63,10.75,41800,7.17
1997-09-17,10.75,11.00,10.63,10.63,60400,7.08
1997-09-16,10.63,10.88,10.63,10.75,23100,7.17
1997-09-15,10.88,10.88,10.61,10.63,42800,7.08
1997-09-12,10.63,10.88,10.50,10.63,90400,7.08
1997-09-11,10.63,11.00,10.63,10.63,85600,7.08
1997-09-10,11.00,11.12,10.63,10.75,78600,7.17
1997-09-09,10.50,11.50,10.50,11.25,163000,7.50
1997-09-08,10.25,10.75,10.00,10.37,131600,6.92
1997-09-05,9.75,10.50,9.75,10.25,403400,6.83
1997-09-04,8.62,10.00,8.62,10.00,161800,6.67
1997-09-03,8.62,8.87,8.62,8.62,26000,5.75
1997-09-02,8.73,8.87,8.50,8.81,53800,5.88
1997-08-29,8.50,8.69,8.50,8.50,15600,5.67
1997-08-28,8.50,8.62,8.50,8.56,33400,5.71
1997-08-27,8.44,8.73,8.44,8.73,34600,5.82
1997-08-26,8.44,8.56,8.44,8.44,40500,5.62
1997-08-25,8.38,8.50,8.38,8.50,11000,5.67
1997-08-22,8.38,8.50,8.38,8.38,28500,5.58
1997-08-21,8.38,8.56,8.38,8.50,35400,5.67
1997-08-20,8.50,8.50,8.25,8.50,28800,5.67
1997-08-19,8.50,8.62,8.38,8.38,49200,5.58
1997-08-18,8.25,8.62,8.25,8.50,79000,5.67
1997-08-15,8.12,8.38,8.12,8.38,7600,5.58
1997-08-14,8.12,8.38,8.12,8.12,16600,5.42
1997-08-13,8.50,8.50,8.25,8.25,8800,5.50
1997-08-12,8.38,8.50,8.38,8.38,15800,5.58
1997-08-11,8.38,8.56,8.38,8.38,33600,5.58
1997-08-08,8.38,8.44,8.38,8.38,17100,5.58
1997-08-07,8.38,8.56,8.38,8.50,41000,5.67
1997-08-06,8.38,8.56,8.38,8.44,18900,5.62
1997-08-05,8.19,8.56,8.19,8.38,85600,5.58
1997-08-04,8.19,8.38,8.12,8.31,19500,5.54
1997-08-01,8.25,8.31,8.19,8.31,9600,5.54
1997-07-31,8.25,8.44,8.25,8.25,15800,5.50
1997-07-30,8.38,8.44,8.12,8.25,38000,5.50
1997-07-29,8.12,8.38,8.12,8.12,43000,5.42
1997-07-28,8.12,8.31,8.12,8.12,58400,5.42
1997-07-25,8.31,8.38,8.12,8.25,17600,5.50
1997-07-24,8.12,8.25,8.12,8.25,20800,5.50
1997-07-23,8.44,8.62,8.12,8.48,66800,5.66
1997-07-22,8.38,8.50,8.12,8.25,62200,5.50
1997-07-21,8.38,8.75,8.38,8.50,14800,5.67
1997-07-18,8.62,8.87,8.38,8.38,34400,5.58
1997-07-17,8.38,8.94,8.38,8.75,92200,5.83
1997-07-16,7.75,8.75,7.75,8.75,68200,5.83
1997-07-15,7.75,8.00,7.63,8.00,9600,5.33
1997-07-14,7.50,8.00,7.50,8.00,15600,5.33
1997-07-11,7.63,8.00,7.63,7.75,20100,5.17
1997-07-10,8.00,8.00,7.63,7.63,20000,5.08
1997-07-09,7.50,8.00,7.50,7.75,18400,5.17
1997-07-08,7.25,7.75,7.25,7.75,26200,5.17
1997-07-07,7.37,7.75,7.25,7.75,34600,5.17
1997-07-03,7.50,7.75,7.37,7.63,30200,5.08
1997-07-02,7.75,7.94,7.75,7.75,12300,5.17
1997-07-01,8.00,8.00,7.25,7.75,12600,5.17
1997-06-30,7.75,8.00,7.25,7.63,27400,5.08
1997-06-27,8.25,8.50,7.75,8.12,22400,5.42
1997-06-26,7.50,8.25,7.50,8.25,58600,5.50
1997-06-25,8.38,8.50,7.63,7.63,23100,5.08
1997-06-24,8.87,8.87,8.38,8.38,45800,5.58
1997-06-23,8.75,9.00,8.62,8.75,90800,5.83
1997-06-20,8.62,9.00,8.62,8.87,124400,5.92
1997-06-19,8.25,8.87,8.25,8.75,114800,5.83
1997-06-18,7.75,8.12,7.75,8.12,8800,5.42
1997-06-17,8.00,8.12,7.75,7.88,10400,5.25
1997-06-16,7.77,7.88,7.75,7.75,2100,5.17
1997-06-13,7.75,8.00,7.75,7.75,5000,5.17
1997-06-12,7.75,8.00,7.75,7.75,21000,5.17
1997-06-11,8.44,8.50,8.00,8.00,15600,5.33
1997-06-10,8.38,8.62,8.25,8.25,9300,5.50
1997-06-09,8.50,8.62,8.38,8.38,7800,5.58
1997-06-06,8.50,8.62,8.50,8.62,4800,5.75
1997-06-05,8.50,8.87,8.25,8.62,25400,5.75
1997-06-04,8.50,8.87,8.25,8.25,34000,5.50
1997-06-03,8.62,8.81,8.62,8.75,19400,5.83
1997-06-02,9.00,9.00,8.62,8.62,8000,5.75
1997-05-30,8.50,9.00,8.38,8.87,98700,5.92
1997-05-29,8.50,8.62,8.25,8.25,15200,5.50
1997-05-28,8.50,8.75,8.50,8.50,3200,5.67
1997-05-27,8.38,8.62,8.25,8.62,32200,5.75
1997-05-23,8.38,8.50,8.38,8.38,16600,5.58
1997-05-22,8.62,8.75,8.38,8.38,98400,5.58
1997-05-21,8.50,8.75,8.50,8.73,19000,5.82
1997-05-20,8.38,8.75,8.38,8.50,26600,5.67
1997-05-19,8.38,8.62,8.38,8.50,17100,5.67
1997-05-16,8.38,8.62,8.25,8.62,45800,5.75
1997-05-15,8.12,8.50,8.12,8.50,12800,5.67
1997-05-14,8.12,8.50,8.12,8.12,26000,5.42
1997-05-13,8.12,8.50,8.12,8.38,11800,5.58
1997-05-12,8.12,8.50,8.12,8.25,8200,5.50
1997-05-09,8.00,8.50,8.00,8.50,12400,5.67
1997-05-08,8.00,8.38,8.00,8.00,57900,5.33
1997-05-07,8.00,8.25,8.00,8.12,24600,5.42
1997-05-06,7.88,8.50,7.88,8.00,75900,5.33
1997-05-05,7.63,8.00,7.63,8.00,7000,5.33
1997-05-02,7.88,7.88,7.63,7.63,30200,5.08
1997-05-01,7.50,8.00,7.37,7.63,233000,5.08
1997-04-30,7.75,7.75,7.50,7.50,4600,5.00
1997-04-29,7.44,7.63,7.44,7.50,21600,5.00
1997-04-28,7.37,7.50,7.37,7.44,33000,4.96
1997-04-25,7.44,7.50,7.37,7.37,58200,4.92
1997-04-24,7.50,7.63,7.37,7.63,22400,5.08
1997-04-23,7.63,7.88,7.50,7.50,39200,5.00
1997-04-22,7.63,7.88,7.63,7.63,51400,5.08
1997-04-21,7.75,8.00,7.63,7.88,42400,5.25
1997-04-18,8.00,8.25,7.75,7.75,26000,5.17
1997-04-17,7.63,9.00,7.50,8.00,86700,5.33
1997-04-16,7.25,7.50,7.25,7.44,14600,4.96
1997-04-15,7.37,7.63,7.25,7.50,44600,5.00
1997-04-14,7.25,7.63,7.25,7.37,38000,4.92
1997-04-11,7.25,7.63,7.25,7.25,43800,4.83
1997-04-10,7.63,7.88,7.37,7.63,62200,5.08
1997-04-09,7.63,7.88,7.50,7.88,15200,5.25
1997-04-08,7.48,7.88,7.25,7.88,49400,5.25
1997-04-07,7.63,7.63,7.25,7.37,11000,4.92
1997-04-04,7.75,7.75,7.25,7.25,45000,4.83
1997-04-03,7.88,8.00,7.75,7.75,13200,5.17
1997-04-02,8.12,8.38,8.00,8.00,26000,5.33
1997-04-01,8.38,8.50,8.12,8.12,45600,5.42
1997-03-31,8.62,8.75,8.38,8.62,32400,5.75
1997-03-27,8.62,8.75,8.62,8.62,8800,5.75
1997-03-26,9.00,9.00,8.62,8.75,12600,5.83
1997-03-25,8.87,9.13,8.75,9.00,50100,6.00
1997-03-24,8.87,9.00,8.87,9.00,50600,6.00
1997-03-21,8.87,9.13,8.87,8.87,14200,5.92
1997-03-20,8.87,9.13,8.87,9.13,23200,6.08
1997-03-19,9.13,9.13,8.87,9.00,17600,6.00
1997-03-18,8.87,9.13,8.87,9.00,17700,6.00
1997-03-17,8.87,9.13,8.87,8.87,25600,5.92
1997-03-14,9.13,9.13,8.87,9.00,16000,6.00
1997-03-13,9.00,9.13,8.87,8.87,24200,5.92
1997-03-12,9.13,9.13,8.87,9.00,57200,6.00
1997-03-11,8.87,9.13,8.87,9.00,17800,6.00
1997-03-10,9.13,9.13,8.87,9.00,18400,6.00
1997-03-07,8.87,9.13,8.87,8.87,23800,5.92
1997-03-06,8.87,9.00,8.87,8.87,13500,5.92
1997-03-05,8.87,9.13,8.87,8.87,12400,5.92
1997-03-04,8.87,9.00,8.87,8.94,16400,5.96
1997-03-03,9.25,9.50,8.87,8.87,31500,5.92
1997-02-28,9.25,9.38,9.25,9.25,27200,6.17
1997-02-27,9.25,9.48,9.25,9.38,32800,6.25
1997-02-26,9.13,9.48,9.13,9.48,48000,6.32
1997-02-25,9.13,9.25,9.13,9.13,57900,6.08
1997-02-24,9.13,9.50,9.13,9.13,54400,6.08
1997-02-21,9.13,9.50,9.13,9.13,43500,6.08
1997-02-20,9.50,9.50,9.13,9.25,113800,6.17
1997-02-19,9.62,9.62,9.25,9.25,69600,6.17
1997-02-18,9.00,9.62,9.00,9.38,170800,6.25
1997-02-14,8.87,9.00,8.50,9.00,169400,6.00
1997-02-13,8.50,8.75,8.50,8.75,52400,5.83
1997-02-12,8.39,8.62,8.38,8.50,33400,5.67
1997-02-11,8.38,8.75,8.38,8.50,28400,5.67
1997-02-10,8.25,8.50,8.25,8.38,46600,5.58
1997-02-07,8.50,8.50,8.25,8.25,37600,5.50
1997-02-06,8.00,8.50,8.00,8.25,57000,5.50
1997-02-05,8.00,8.25,8.00,8.12,70200,5.42
1997-02-04,8.12,8.38,8.00,8.25,58000,5.50
1997-02-03,8.38,8.62,8.00,8.12,72000,5.42
1997-01-31,8.00,8.62,8.00,8.38,27900,5.58
1997-01-30,8.38,8.50,8.00,8.38,16800,5.58
1997-01-29,8.38,8.62,8.38,8.50,21800,5.67
1997-01-28,8.62,8.62,8.25,8.44,31000,5.62
1997-01-27,8.25,8.75,8.25,8.50,55600,5.67
1997-01-24,8.87,8.87,8.00,8.50,46400,5.67
1997-01-23,8.50,8.87,8.50,8.50,27200,5.67
1997-01-22,8.62,8.87,8.50,8.50,17700,5.67
1997-01-21,8.25,8.75,8.25,8.75,66900,5.83
1997-01-20,8.62,8.62,8.25,8.27,11400,5.51
1997-01-17,8.25,8.62,8.25,8.25,29000,5.50
1997-01-16,8.75,8.75,8.25,8.25,27200,5.50
1997-01-15,8.73,8.75,8.50,8.75,17700,5.83
1997-01-14,8.50,8.75,8.50,8.62,14700,5.75
1997-01-13,8.62,8.87,8.50,8.62,19600,5.75
1997-01-10,8.75,8.87,8.38,8.78,18000,5.85
1997-01-09,9.23,9.23,8.50,8.87,34600,5.92
1997-01-08,8.75,9.25,8.75,9.13,65100,6.08
1997-01-07,8.62,8.87,8.38,8.75,38600,5.83
1997-01-06,8.38,8.62,8.38,8.38,4000,5.58
1997-01-03,8.25,8.75,8.25,8.38,48200,5.58
1997-01-02,7.88,8.25,7.88,8.25,30200,5.50
1996-12-31,8.50,8.62,7.75,7.88,95000,5.25
1996-12-30,8.62,8.75,8.50,8.50,56800,5.67
1996-12-27,8.50,8.87,8.50,8.50,25800,5.67
1996-12-26,8.50,8.87,8.50,8.62,79000,5.75
1996-12-24,8.75,8.75,8.50,8.75,14400,5.83
1996-12-23,8.73,8.75,8.50,8.75,48400,5.83
1996-12-20,8.25,8.75,8.25,8.50,83200,5.67
1996-12-19,8.25,8.50,7.88,8.38,54900,5.58
1996-12-18,7.88,8.25,7.88,7.88,65600,5.25
1996-12-17,7.88,8.25,7.88,8.23,50800,5.49
1996-12-16,7.88,8.25,7.88,8.06,60900,5.38
1996-12-13,7.88,8.25,7.88,8.00,23200,5.33
1996-12-12,8.25,8.25,7.88,7.88,40500,5.25
1996-12-11,8.00,8.25,7.75,8.12,42300,5.42
1996-12-10,8.38,8.38,8.00,8.00,40200,5.33
1996-12-09,8.38,8.38,8.00,8.12,15800,5.42
1996-12-06,8.87,8.87,8.00,8.25,83700,5.50
1996-12-05,8.12,9.00,8.12,8.50,71600,5.67
1996-12-04,8.12,8.50,8.12,8.12,38400,5.42
1996-12-03,8.12,8.50,8.12,8.19,43800,5.46
1996-12-02,8.12,8.50,8.12,8.25,46000,5.50
1996-11-29,8.00,8.25,7.75,8.25,22500,5.50
1996-11-27,8.00,8.00,7.75,7.88,37800,5.25
1996-11-26,7.75,8.00,7.75,7.88,59800,5.25
1996-11-25,8.12,8.12,7.75,7.88,93000,5.25
1996-11-22,7.88,8.12,7.88,8.00,64400,5.33
1996-11-21,8.25,8.50,8.00,8.00,41700,5.33
1996-11-20,8.39,8.62,8.25,8.48,88000,5.66
1996-11-19,8.38,8.62,8.38,8.61,26100,5.74
1996-11-18,8.38,8.62,8.38,8.38,32800,5.58
1996-11-15,8.38,8.62,8.38,8.38,65800,5.58
1996-11-14,8.62,8.73,8.25,8.25,29600,5.50
1996-11-13,8.25,8.38,8.25,8.25,79400,5.50
1996-11-12,8.50,8.87,8.00,8.12,168400,5.42
1996-11-11,8.50,8.87,8.50,8.73,25000,5.82
1996-11-08,8.50,8.75,8.50,8.50,58400,5.67
1996-11-07,8.87,8.87,8.50,8.50,92700,5.67
1996-11-06,8.50,8.87,8.50,8.87,32400,5.92
1996-11-05,8.50,8.87,8.50,8.50,63200,5.67
1996-11-04,8.87,8.87,8.50,8.50,39900,5.67
1996-11-01,8.50,8.87,8.50,8.50,24000,5.67
1996-10-31,8.87,8.87,8.50,8.87,19600,5.92
1996-10-30,8.75,8.87,8.50,8.62,34200,5.75
1996-10-29,8.75,8.75,8.50,8.50,106200,5.67
1996-10-28,8.62,8.75,8.62,8.62,92600,5.75
1996-10-25,8.87,8.87,8.62,8.62,161000,5.75
1996-10-24,9.00,9.00,8.62,8.75,57000,5.83
1996-10-23,8.62,9.13,8.38,9.00,72300,6.00
1996-10-22,7.75,8.62,7.75,8.25,97500,5.50
1996-10-21,8.75,8.75,7.75,7.88,95600,5.25
1996-10-18,9.25,10.00,8.62,8.62,323600,5.75
1996-10-17,7.25,9.50,7.25,8.87,1016200,5.92
1996-10-16,6.50,7.25,5.87,7.12,190000,4.75
1996-10-15,7.00,7.25,6.38,6.62,184200,4.42
1996-10-14,7.12,7.25,6.50,6.62,89700,4.42
1996-10-11,7.00,7.50,6.75,7.12,70600,4.75
1996-10-10,7.12,7.50,6.88,7.12,53200,4.75
1996-10-09,7.88,7.88,6.75,7.12,115600,4.75
1996-10-08,7.75,8.00,7.50,7.50,77000,5.00
1996-10-07,8.00,8.00,7.75,7.88,69800,5.25
1996-10-04,7.63,8.00,7.37,7.81,111200,5.21
1996-10-03,8.00,8.00,7.37,7.63,146200,5.08
1996-10-02,8.50,8.50,7.31,7.88,338600,5.25
1996-10-01,8.50,8.75,8.25,8.73,161000,5.82
1996-09-30,8.25,8.38,8.00,8.38,182000,5.58
1996-09-27,8.75,8.75,7.50,8.25,422100,5.50
1996-09-26,8.75,9.00,8.38,8.50,145400,5.67
1996-09-25,9.00,9.00,8.87,9.00,71000,6.00
1996-09-24,9.00,9.00,8.87,8.87,49000,5.92
1996-09-23,8.87,9.13,8.87,9.00,75400,6.00
1996-09-20,9.50,9.50,8.94,9.13,87800,6.08
1996-09-19,9.50,9.50,9.13,9.50,66800,6.33
1996-09-18,9.38,9.38,9.13,9.13,56400,6.08
1996-09-17,9.13,9.38,9.13,9.38,54000,6.25
1996-09-16,9.50,9.50,9.13,9.13,54800,6.08
1996-09-13,9.75,9.75,9.38,9.50,56100,6.33
1996-09-12,9.50,9.88,9.38,9.38,101000,6.25
1996-09-11,9.50,9.88,9.50,9.50,35600,6.33
1996-09-10,9.98,10.00,9.62,9.75,44800,6.50
1996-09-09,10.25,10.25,9.62,9.98,79500,6.66
1996-09-06,9.88,10.25,9.50,9.88,65200,6.58
1996-09-05,10.25,10.25,9.50,9.50,93000,6.33
1996-09-04,9.88,10.25,9.50,10.00,226000,6.67
1996-09-03,8.87,10.00,8.38,9.50,363900,6.33
1996-08-30,8.87,8.87,8.50,8.87,213000,5.92
1996-08-29,8.87,8.87,8.50,8.75,332200,5.83
1996-08-28,9.50,9.50,8.50,8.87,383700,5.92
1996-08-27,9.88,9.88,9.25,9.50,153600,6.33
1996-08-26,10.12,10.12,9.25,9.50,62200,6.33
1996-08-23,10.25,10.25,9.75,10.00,109600,6.67
1996-08-22,10.12,10.25,10.00,10.03,86000,6.69
1996-08-21,10.37,10.37,10.00,10.00,46200,6.67
1996-08-20,10.75,10.75,10.25,10.25,79800,6.83
1996-08-19,10.75,11.00,9.75,10.63,82200,7.08
1996-08-16,11.25,11.75,10.75,11.00,50800,7.33
1996-08-15,11.98,12.00,11.25,11.25,93200,7.50
1996-08-14,12.00,12.00,11.50,12.00,53400,8.00
1996-08-13,11.52,12.00,11.50,11.62,41200,7.75
1996-08-12,11.50,12.25,11.25,11.75,143100,7.83
1996-08-09,10.75,11.50,10.50,11.50,129900,7.67
1996-08-08,10.75,10.75,10.25,10.75,79500,7.17
1996-08-07,10.75,11.00,10.50,10.50,80400,7.00
1996-08-06,10.75,11.25,10.25,11.00,127000,7.33
1996-08-05,10.50,11.00,9.75,10.88,190200,7.25
1996-08-02,8.62,10.50,8.50,10.37,338800,6.92
1996-08-01,8.62,8.62,8.25,8.38,350100,5.58
1996-07-31,9.00,9.00,8.50,8.75,193000,5.83
1996-07-30,9.25,9.25,8.56,8.81,174200,5.88
1996-07-29,9.25,9.75,9.25,9.25,189200,6.17
1996-07-26,8.50,9.75,8.50,9.25,562400,6.17
1996-07-25,8.75,8.75,8.50,8.56,518600,5.71
1996-07-24,10.00,10.00,8.25,8.50,292400,5.67
1996-07-23,11.75,11.75,10.00,10.00,259500,6.67
1996-07-22,11.50,11.75,11.00,11.50,55500,7.67
1996-07-19,11.25,11.38,11.00,11.38,10500,7.58
1996-07-18,12.25,12.25,10.50,11.75,174400,7.83
1996-07-17,12.25,12.25,11.75,11.75,34400,7.83
1996-07-16,12.25,12.25,11.50,12.00,95400,8.00
1996-07-15,12.25,12.25,11.50,12.25,39900,8.17
1996-07-12,12.00,12.50,11.75,12.00,48600,8.00
1996-07-11,12.00,12.50,11.75,12.00,203700,8.00
1996-07-10,11.75,12.75,11.50,11.87,413800,7.92
1996-07-09,10.50,11.50,10.25,11.50,422200,7.67
1996-07-08,11.25,11.50,9.88,10.50,626200,7.00
1996-07-05,11.75,12.00,11.12,11.50,106600,7.67
1996-07-03,13.25,13.25,12.02,12.02,134600,8.01
1996-07-02,13.63,13.63,13.00,13.00,126600,8.67
1996-07-01,13.75,13.75,13.25,13.63,207800,9.08
1996-06-28,13.50,13.75,13.00,13.75,1139100,9.17
1996-06-27,14.00,14.50,13.00,13.00,276400,8.67
1996-06-26,16.75,16.75,14.00,14.12,248000,9.42
1996-06-25,16.50,17.00,16.25,16.50,156900,11.00
1996-06-24,16.00,16.50,15.75,16.50,294800,11.00
1996-06-21,15.75,16.25,15.75,16.00,133000,10.67
1996-06-20,17.25,17.25,16.00,16.00,85200,10.67
1996-06-19,17.75,17.75,16.75,17.25,167700,11.50
1996-06-18,18.50,18.50,17.25,17.50,129400,11.67
1996-06-17,21.25,21.25,18.50,18.75,277400,12.50
1996-06-14,21.25,21.75,21.25,21.62,16400,14.42
1996-06-13,21.75,22.25,21.00,21.25,104700,14.17
1996-06-12,21.50,22.25,21.50,21.75,29100,14.50
1996-06-11,21.75,22.00,21.50,21.50,40400,14.33
1996-06-10,21.75,22.63,21.75,22.00,47800,14.67
1996-06-07,22.50,23.00,21.75,21.75,87800,14.50
1996-06-06,23.00,23.50,22.75,23.25,43200,15.50
1996-06-05,23.50,24.00,22.75,23.50,163800,15.67
1996-06-04,22.50,23.50,22.50,23.19,127600,15.46
1996-06-03,22.25,23.00,22.00,22.50,97600,15.00
1996-05-31,22.50,22.50,21.50,22.25,109500,14.83
1996-05-30,21.25,22.50,21.25,22.48,143000,14.99
1996-05-29,20.50,21.25,20.50,20.75,81900,13.83
1996-05-28,20.50,21.00,20.50,20.50,40800,13.67
1996-05-24,20.00,21.00,20.00,21.00,163500,14.00
1996-05-23,21.00,21.00,20.00,20.48,98200,13.66
1996-05-22,21.02,21.50,20.50,20.75,313800,13.83
1996-05-21,21.25,21.75,21.25,21.25,270800,14.17
1996-05-20,21.00,21.75,21.00,21.62,107400,14.42
1996-05-17,22.00,22.25,21.00,21.00,211600,14.00
1996-05-16,20.00,22.25,19.50,21.98,249200,14.66
1996-05-15,19.75,20.25,19.50,19.88,177800,13.25
1996-05-14,19.25,20.25,19.25,20.00,273200,13.33
1996-05-13,17.50,19.75,17.50,19.25,178800,12.83
1996-05-10,17.50,17.75,17.12,17.38,17600,11.58
1996-05-09,17.75,17.75,17.02,17.48,15600,11.66
1996-05-08,17.75,18.13,17.00,17.25,44800,11.50
1996-05-07,18.25,18.50,17.75,17.75,53400,11.83
1996-05-06,18.52,18.75,18.25,18.50,29200,12.33
1996-05-03,18.25,19.00,18.25,18.75,155400,12.50
1996-05-02,19.37,19.63,18.00,18.38,121800,12.25
1996-05-01,19.00,19.75,19.00,19.37,213300,12.92
1996-04-30,18.50,19.25,18.25,19.23,129800,12.82
1996-04-29,17.98,18.50,17.75,18.48,109000,12.32
1996-04-26,17.75,18.00,17.75,17.87,63200,11.92
1996-04-25,17.87,18.25,17.62,18.00,113700,12.00
1996-04-24,17.50,18.25,17.25,18.00,231000,12.00
1996-04-23,16.75,17.38,16.75,17.38,336400,11.58
1996-04-22,16.50,16.50,15.75,16.25,167700,10.83
1996-04-19,16.50,16.75,16.50,16.50,111800,11.00
1996-04-18,17.25,18.25,16.25,16.50,284200,11.00
1996-04-17,17.25,17.50,16.75,17.25,108200,11.50
1996-04-16,16.25,17.62,16.25,17.25,102900,11.50
1996-04-15,16.25,16.75,16.25,16.50,32600,11.00
1996-04-12,16.00,16.75,16.00,16.50,28500,11.00
1996-04-11,15.75,16.50,15.75,16.25,42400,10.83
1996-04-10,15.50,16.00,15.25,16.00,17800,10.67
1996-04-09,15.25,15.75,15.00,15.25,31000,10.17
1996-04-08,15.25,15.75,15.25,15.38,11200,10.25
1996-04-04,15.75,16.12,15.50,15.75,26700,10.50
1996-04-03,16.25,16.75,15.88,16.12,41000,10.75
1996-04-02,15.25,16.50,15.00,16.50,227400,11.00
1996-04-01,14.50,15.25,14.50,14.87,52600,9.92
1996-03-29,14.81,15.00,14.50,14.52,25000,9.68
1996-03-28,14.75,15.00,14.62,14.87,149000,9.92
1996-03-27,15.13,15.13,14.75,14.75,23100,9.83
1996-03-26,15.00,15.25,14.75,14.75,12900,9.83
1996-03-25,15.50,15.75,15.00,15.06,62000,10.04
1996-03-22,14.00,15.62,13.75,15.62,294400,10.42
1996-03-21,14.38,14.38,13.50,14.00,152600,9.33
1996-03-20,15.23,15.25,14.00,14.38,70600,9.58
1996-03-19,14.75,15.25,14.75,14.87,22000,9.92
1996-03-18,15.25,15.25,14.75,15.00,21800,10.00
1996-03-15,15.25,15.25,14.75,15.00,22000,10.00
1996-03-14,14.87,15.25,14.87,15.25,3300,10.17
1996-03-13,14.75,15.25,14.75,15.13,24000,10.08
1996-03-12,15.25,15.38,14.75,14.94,47000,9.96
1996-03-11,15.25,15.75,15.25,15.50,13600,10.33
1996-03-08,15.50,16.00,15.00,15.38,115500,10.25
1996-03-07,15.75,16.00,15.25,15.38,89000,10.25
1996-03-06,14.25,15.62,13.75,15.00,148600,10.00
1996-03-05,14.75,14.75,14.00,14.00,26000,9.33
1996-03-04,14.50,14.75,14.25,14.75,11200,9.83
1996-03-01,14.75,15.00,14.50,14.75,23400,9.83
1996-02-29,14.75,15.00,14.75,14.75,800,9.83
1996-02-28,15.25,15.25,14.75,15.00,20000,10.00
1996-02-27,15.25,15.50,14.87,15.00,73800,10.00
1996-02-26,14.62,15.25,14.50,15.25,80200,10.17
1996-02-23,15.25,15.75,14.50,15.00,64000,10.00
1996-02-22,15.75,16.00,15.50,15.75,44200,10.50
1996-02-21,15.75,16.25,15.75,16.00,22000,10.67
1996-02-20,16.50,16.75,15.75,15.75,20800,10.50
1996-02-16,16.63,17.00,16.50,16.50,118000,11.00
1996-02-15,16.75,17.00,16.63,16.63,118200,11.08
1996-02-14,17.25,17.25,16.75,16.75,168300,11.17
1996-02-13,16.75,17.25,16.75,17.00,193200,11.33
1996-02-12,16.50,17.50,16.50,16.81,248200,11.21
1996-02-09,17.62,17.75,16.25,16.75,240000,11.17
1996-02-08,17.38,18.00,17.38,17.62,233200,11.75
1996-02-07,16.88,17.87,16.25,17.38,467800,11.58
1996-02-06,15.75,16.25,15.75,16.23,48000,10.82
1996-02-05,16.25,16.25,15.75,16.12,42200,10.75
1996-02-02,17.25,17.25,16.25,16.25,83400,10.83
1996-02-01,16.12,17.25,16.12,17.25,388600,11.50
1996-01-31,15.50,16.37,15.50,16.12,67400,10.75
1996-01-30,15.50,15.98,15.50,15.50,9600,10.33
1996-01-29,15.50,15.75,15.50,15.50,6000,10.33
1996-01-26,15.75,15.75,15.50,15.62,19500,10.42
1996-01-25,16.00,16.00,15.75,15.75,7800,10.50
1996-01-24,15.75,16.12,15.75,15.75,47200,10.50
1996-01-23,15.75,16.25,15.62,15.75,175600,10.50
1996-01-22,15.75,16.25,15.75,16.00,38400,10.67
1996-01-19,16.25,16.25,15.75,15.75,45800,10.50
1996-01-18,15.88,16.12,15.50,15.75,65000,10.50
1996-01-17,15.50,15.98,15.00,15.50,43000,10.33
1996-01-16,14.75,15.25,14.75,15.00,25800,10.00
1996-01-15,14.75,15.25,14.75,14.75,19200,9.83
1996-01-12,14.75,15.23,14.75,14.75,4400,9.83
1996-01-11,15.13,15.13,14.75,15.13,92800,10.08
1996-01-10,15.00,15.13,14.75,14.87,14100,9.92
1996-01-09,15.00,15.25,15.00,15.00,5600,10.00
1996-01-08,15.00,15.50,14.87,15.00,6900,10.00
1996-01-05,14.50,15.25,14.25,14.75,37600,9.83
1996-01-04,15.50,16.00,14.50,15.00,32400,10.00
1996-01-03,16.00,16.50,15.50,15.62,44600,10.42
1996-01-02,17.00,17.00,16.00,16.50,75800,11.00
1995-12-29,16.37,17.25,16.37,17.00,50700,11.33
1995-12-28,16.37,17.00,15.88,16.63,162200,11.08
1995-12-27,14.00,16.37,14.00,15.81,218600,10.54
1995-12-26,14.38,14.38,13.50,14.38,50600,9.58
1995-12-22,14.25,14.75,14.00,14.75,66400,9.83
1995-12-21,14.00,14.50,14.00,14.25,21800,9.50
1995-12-20,14.50,14.50,14.00,14.00,13000,9.33
1995-12-19,14.25,14.62,14.25,14.62,57200,9.75
1995-12-18,14.25,14.75,14.25,14.25,16400,9.50
1995-12-15,14.62,14.62,14.00,14.38,98700,9.58
1995-12-14,14.12,15.00,14.12,14.25,91000,9.50
1995-12-13,14.38,14.50,14.12,14.12,7200,9.42
1995-12-12,14.38,14.62,14.38,14.38,376500,9.58
1995-12-11,14.25,14.62,14.25,14.62,71100,9.75
1995-12-08,14.62,14.62,14.25,14.62,394000,9.75
1995-12-07,14.25,15.50,13.75,14.62,349400,9.75
1995-12-06,13.25,14.25,13.00,14.25,203800,9.50
1995-12-05,12.25,13.50,11.87,13.50,380800,9.00
1995-12-04,11.87,12.25,11.87,12.00,87400,8.00
1995-12-01,11.62,12.13,11.62,11.87,28400,7.92
1995-11-30,12.13,12.13,11.62,11.62,21300,7.75
1995-11-29,12.13,12.38,12.13,12.25,12900,8.17
1995-11-28,12.13,12.38,12.00,12.25,41700,8.17
1995-11-27,12.62,13.00,12.13,12.13,55200,8.08
1995-11-24,11.87,12.88,11.50,12.13,31800,8.08
1995-11-22,11.50,11.87,11.50,11.75,16000,7.83
1995-11-21,11.50,11.75,11.50,11.50,2800,7.67
1995-11-20,11.50,11.87,11.00,11.62,32600,7.75
1995-11-17,11.50,11.50,11.00,11.50,32800,7.67
1995-11-16,11.75,11.75,11.00,11.50,41600,7.67
1995-11-15,11.75,12.00,11.50,11.56,12000,7.71
1995-11-14,11.87,12.00,11.62,11.81,27900,7.88
1995-11-13,12.13,12.13,11.87,11.94,14700,7.96
1995-11-10,12.13,12.38,11.87,11.87,35000,7.92
1995-11-09,12.00,12.25,12.00,12.00,22500,8.00
1995-11-08,12.25,12.38,12.00,12.06,65000,8.04
1995-11-07,12.88,12.88,12.25,12.25,37600,8.17
1995-11-06,12.38,12.88,12.38,12.38,7500,8.25
1995-11-03,12.38,12.50,12.38,12.38,13000,8.25
1995-11-02,12.88,13.00,12.38,12.38,17400,8.25
1995-11-01,12.50,12.88,12.38,12.88,1500,8.58
1995-10-31,12.75,13.12,12.38,12.75,80000,8.50
1995-10-30,12.25,12.48,11.87,12.25,29200,8.17
1995-10-27,11.25,12.25,11.25,12.25,46400,8.17
1995-10-26,11.00,11.50,11.00,11.25,35200,7.50
1995-10-25,11.75,11.75,11.00,11.00,15300,7.33
1995-10-24,12.00,12.00,11.50,11.50,13000,7.67
1995-10-23,11.75,12.00,11.50,11.87,120900,7.92
1995-10-20,11.50,11.75,11.25,11.75,91000,7.83
1995-10-19,12.00,12.00,11.00,11.50,33200,7.67
1995-10-18,12.00,12.25,11.75,11.75,25400,7.83
1995-10-17,12.00,12.50,12.00,12.00,78800,8.00
1995-10-16,12.75,12.75,12.00,12.00,24600,8.00
1995-10-13,12.00,12.75,11.87,12.50,49000,8.33
1995-10-12,11.25,12.00,11.12,11.75,51400,7.83
1995-10-11,10.75,11.25,10.75,11.25,39300,7.50
1995-10-10,11.25,11.75,10.75,10.75,38600,7.17
1995-10-09,12.00,12.00,11.38,11.38,35600,7.58
1995-10-06,12.00,12.50,12.00,12.25,16600,8.17
1995-10-05,12.00,12.50,12.00,12.06,49400,8.04
1995-10-04,12.88,13.00,12.25,12.25,36000,8.17
1995-10-03,13.00,13.37,12.75,13.25,31500,8.83
1995-10-02,13.14,13.50,13.00,13.12,25400,8.75
1995-09-29,13.50,13.50,13.12,13.50,34200,9.00
1995-09-28,13.12,13.50,13.12,13.12,16000,8.75
1995-09-27,13.12,13.50,13.12,13.25,25500,8.83
1995-09-26,13.12,13.50,13.12,13.12,12000,8.75
1995-09-25,13.12,13.63,13.12,13.12,72200,8.75
1995-09-22,13.37,13.63,13.12,13.12,57200,8.75
1995-09-21,13.37,13.75,13.37,13.75,43000,9.17
1995-09-20,13.75,13.75,13.37,13.75,10000,9.17
1995-09-19,13.25,13.75,13.25,13.37,8200,8.92
1995-09-18,13.25,13.75,13.25,13.25,19400,8.83
1995-09-15,13.88,14.23,13.25,13.50,317600,9.00
1995-09-14,14.00,14.25,14.00,14.12,37800,9.42
1995-09-13,14.12,14.25,14.00,14.00,88800,9.33
1995-09-12,14.12,14.36,14.00,14.25,47600,9.50
1995-09-11,14.00,14.36,14.00,14.12,69800,9.42
1995-09-08,14.00,14.38,14.00,14.00,2700,9.33
1995-09-07,14.00,14.25,14.00,14.12,36900,9.42
1995-09-06,13.88,14.38,13.88,14.00,9600,9.33
1995-09-05,13.88,14.38,13.88,13.88,11800,9.25
1995-09-01,14.00,14.50,13.88,13.88,13000,9.25
1995-08-31,13.88,14.11,13.88,14.00,82800,9.33
1995-08-30,14.00,14.38,13.88,14.00,72300,9.33
1995-08-29,14.12,14.38,14.00,14.00,84400,9.33
1995-08-28,14.98,15.00,14.12,14.12,319000,9.42
1995-08-25,13.88,15.00,13.88,14.62,250600,9.75
1995-08-24,14.00,14.00,13.88,13.94,115200,9.29
1995-08-23,13.50,14.12,13.25,14.00,175200,9.33
1995-08-22,13.12,13.37,12.88,13.37,39300,8.92
1995-08-21,13.12,13.50,13.00,13.00,92200,8.67
1995-08-18,14.25,14.50,12.75,13.50,1119200,9.00
1995-08-17,15.75,15.75,14.25,14.25,116000,9.50
1995-08-16,15.75,16.12,15.38,15.38,137000,10.25
1995-08-15,16.00,16.37,15.75,15.75,95700,10.50
1995-08-14,16.00,16.37,16.00,16.25,34400,10.83
1995-08-11,16.50,16.50,16.00,16.00,95200,10.67
1995-08-10,16.37,16.63,16.37,16.50,67000,11.00
1995-08-09,16.75,16.75,16.37,16.50,128600,11.00
1995-08-08,16.50,16.63,16.37,16.50,155000,11.00
1995-08-07,16.37,16.50,16.37,16.48,143600,10.99
1995-08-04,16.25,16.75,16.12,16.50,53600,11.00
1995-08-03,16.25,16.25,15.88,16.00,92200,10.67
1995-08-02,16.25,16.50,15.88,16.00,119200,10.67
1995-08-01,16.00,16.63,16.00,16.25,96400,10.83
1995-07-31,15.88,16.50,15.50,16.37,227000,10.92
1995-07-28,15.38,15.88,15.38,15.50,26400,10.33
1995-07-27,15.38,15.75,15.38,15.75,72200,10.50
1995-07-26,15.38,15.50,15.38,15.38,67000,10.25
1995-07-25,15.13,15.50,15.13,15.48,88500,10.32
1995-07-24,15.25,15.38,15.13,15.13,107600,10.08
1995-07-21,14.87,15.25,14.87,15.25,82000,10.17
1995-07-20,15.00,15.25,14.87,14.87,92000,9.92
1995-07-19,15.38,15.38,14.75,14.87,38000,9.92
1995-07-18,15.13,15.38,14.87,15.00,33800,10.00
1995-07-17,14.75,15.25,14.38,14.87,133200,9.92
1995-07-14,14.38,14.75,14.38,14.75,103000,9.83
1995-07-13,14.25,14.75,14.25,14.38,58600,9.58
1995-07-12,14.25,14.48,14.25,14.25,41200,9.50
1995-07-11,14.38,14.75,14.12,14.12,109400,9.42
1995-07-10,14.38,14.75,14.38,14.50,114400,9.67
1995-07-07,14.38,15.00,14.38,14.38,121600,9.58
1995-07-06,14.48,15.00,14.12,14.38,154200,9.58
1995-07-05,14.00,14.75,13.88,14.12,135400,9.42
1995-07-03,13.88,14.25,13.88,13.88,1200,9.25
1995-06-30,13.75,14.25,13.75,14.12,134200,9.42
1995-06-29,12.75,14.25,12.38,14.25,988500,9.50
1995-06-28,13.25,13.25,12.50,12.75,16500,8.50
1995-06-27,13.50,13.50,12.75,13.12,171900,8.75
1995-06-26,13.00,13.50,13.00,13.00,24400,8.67
1995-06-23,13.25,13.75,13.00,13.50,51200,9.00
1995-06-22,14.00,14.00,13.25,13.75,8600,9.17
1995-06-21,13.75,14.00,13.00,13.25,90600,8.83
1995-06-20,13.75,14.00,13.00,13.50,35800,9.00
1995-06-19,13.75,14.00,13.75,14.00,14800,9.33
1995-06-16,14.50,14.50,13.75,13.75,33400,9.17
1995-06-15,14.00,14.75,14.00,14.00,23100,9.33
1995-06-14,14.00,14.75,14.00,14.00,8700,9.33
1995-06-13,14.75,14.75,14.00,14.75,19600,9.83
1995-06-12,13.75,14.75,13.75,14.75,30800,9.83
1995-06-09,13.75,14.25,13.25,14.25,28600,9.50
1995-06-08,13.75,13.75,13.00,13.75,17700,9.17
1995-06-07,13.25,13.75,13.00,13.25,28200,8.83
1995-06-06,13.00,13.75,13.00,13.25,21000,8.83
1995-06-05,13.75,13.75,13.00,13.75,16400,9.17
1995-06-02,14.00,14.00,13.25,13.75,24200,9.17
1995-06-01,14.00,14.00,13.25,13.25,66200,8.83
1995-05-31,14.00,14.00,13.25,14.00,40500,9.33
1995-05-30,14.25,14.25,13.25,14.00,39400,9.33
1995-05-26,13.50,14.25,13.50,14.25,16000,9.50
1995-05-25,14.25,14.25,13.50,13.50,75400,9.00
1995-05-24,13.75,14.25,13.75,14.25,20000,9.50
1995-05-23,13.50,14.25,13.50,13.75,32600,9.17
1995-05-22,13.75,14.50,13.75,14.00,19600,9.33
1995-05-19,15.00,15.00,13.75,14.50,27800,9.67
1995-05-18,14.50,15.00,14.50,15.00,60200,10.00
1995-05-17,15.00,15.00,14.50,15.00,45800,10.00
1995-05-16,15.00,15.00,14.25,15.00,53800,10.00
1995-05-15,15.00,15.50,14.50,15.00,58600,10.00
1995-05-12,16.25,16.25,15.00,15.50,64400,10.33
1995-05-11,16.25,16.25,15.75,16.25,24300,10.83
1995-05-10,15.75,16.25,15.75,15.75,17400,10.50
1995-05-09,15.75,16.25,15.75,15.75,34600,10.50
1995-05-08,15.75,16.25,15.75,15.75,12400,10.50
1995-05-05,15.75,16.25,15.75,16.25,12800,10.83
1995-05-04,15.75,16.25,15.75,15.75,12800,10.50
1995-05-03,16.00,16.25,15.75,16.25,22400,10.83
1995-05-02,16.00,16.00,15.50,16.00,17600,10.67
1995-05-01,16.00,16.00,15.50,15.50,20200,10.33
1995-04-28,15.50,16.00,15.50,16.00,12800,10.67
1995-04-27,16.00,16.50,15.88,16.00,17800,10.67
1995-04-26,16.00,16.50,16.00,16.50,28600,11.00
1995-04-25,16.00,16.75,16.00,16.75,32600,11.17
1995-04-24,16.00,16.75,16.00,16.75,33800,11.17
1995-04-21,16.00,16.75,16.00,16.75,15400,11.17
1995-04-20,16.75,16.75,16.00,16.50,33400,11.00
1995-04-19,16.50,16.75,16.00,16.00,29800,10.67
1995-04-18,16.50,16.75,16.50,16.50,48200,11.00
1995-04-17,16.50,16.75,16.25,16.50,71100,11.00
1995-04-13,15.75,16.50,15.75,16.00,37800,10.67
1995-04-12,15.75,16.25,15.75,16.00,15900,10.67
1995-04-11,16.25,16.75,15.25,16.25,101200,10.83
1995-04-10,16.50,17.00,16.25,16.25,63000,10.83
1995-04-07,17.00,17.50,16.50,16.88,212100,11.25
1995-04-06,16.50,17.25,16.25,17.00,208400,11.33
1995-04-05,16.00,16.75,15.25,16.50,167700,11.00
1995-04-04,15.50,15.75,15.00,15.75,33200,10.50
1995-04-03,15.50,15.50,15.00,15.50,21800,10.33
1995-03-31,15.00,15.50,15.00,15.50,21800,10.33
1995-03-30,15.00,15.50,15.00,15.25,14600,10.17
1995-03-29,15.50,15.50,15.00,15.25,26800,10.17
1995-03-28,15.00,15.50,15.00,15.00,22500,10.00
1995-03-27,14.50,15.50,14.50,15.50,38000,10.33
1995-03-24,14.50,15.25,14.50,14.50,35400,9.67
1995-03-23,14.75,15.25,14.50,14.50,9800,9.67
1995-03-22,14.75,15.25,14.75,15.00,44600,10.00
1995-03-21,14.75,15.25,14.75,14.75,8100,9.83
1995-03-20,15.50,15.50,14.75,14.75,29700,9.83
1995-03-17,15.00,15.50,14.75,14.75,34400,9.83
1995-03-16,15.00,15.50,15.00,15.25,24400,10.17
1995-03-15,15.00,15.50,15.00,15.00,33900,10.00
1995-03-14,14.75,15.75,14.75,15.50,20000,10.33
1995-03-13,14.75,15.50,14.75,15.00,12900,10.00
1995-03-10,14.75,15.50,14.75,15.00,21200,10.00
1995-03-09,15.50,15.50,14.75,14.75,16400,9.83
1995-03-08,14.75,15.50,14.75,15.50,59200,10.33
1995-03-07,15.00,15.50,14.75,15.50,49000,10.33
1995-03-06,15.00,15.50,15.00,15.00,22000,10.00
1995-03-03,15.00,15.50,15.00,15.50,33000,10.33
1995-03-02,14.75,15.50,14.75,15.00,27600,10.00
1995-03-01,14.50,15.25,14.50,15.00,31400,10.00
1995-02-28,14.25,14.75,14.25,14.75,19600,9.83
1995-02-27,15.00,15.25,14.25,14.25,35800,9.50
1995-02-24,14.50,15.00,14.50,14.75,14600,9.83
1995-02-23,15.50,15.50,14.50,15.25,28400,10.17
1995-02-22,14.75,15.50,14.75,15.50,20800,10.33
1995-02-21,14.75,15.50,14.75,15.50,22400,10.33
1995-02-17,15.00,15.50,14.75,14.75,18400,9.83
1995-02-16,16.00,16.00,15.00,15.25,54800,10.17
1995-02-15,16.25,16.25,15.25,15.25,78600,10.17
1995-02-14,16.25,16.50,15.75,16.25,76600,10.83
1995-02-13,16.50,16.50,16.25,16.37,19600,10.92
1995-02-10,16.00,16.50,16.00,16.25,45200,10.83
1995-02-09,16.25,16.50,16.00,16.00,63200,10.67
1995-02-08,16.25,16.25,15.75,16.25,147600,10.83
1995-02-07,15.81,16.25,15.75,15.75,47700,10.50
1995-02-06,16.25,16.25,15.75,15.75,31500,10.50
1995-02-03,16.25,16.25,15.75,16.00,127000,10.67
1995-02-02,15.75,16.25,15.75,15.75,46600,10.50
1995-02-01,16.00,16.25,15.25,16.00,63800,10.67
1995-01-31,15.25,16.00,15.25,15.25,24000,10.17
1995-01-30,15.50,16.00,15.25,15.50,21200,10.33
1995-01-27,15.25,16.00,15.25,15.50,62000,10.33
1995-01-26,15.25,15.75,15.25,15.50,33300,10.33
1995-01-25,15.25,15.75,14.38,15.75,52400,10.50
1995-01-24,14.25,15.25,14.25,15.25,9200,10.17
1995-01-23,15.50,15.50,14.25,14.25,22000,9.50
1995-01-20,15.50,15.50,15.00,15.50,15400,10.33
1995-01-19,15.25,16.00,15.25,15.25,29000,10.17
1995-01-18,15.75,16.00,15.38,15.38,86800,10.25
1995-01-17,15.75,16.00,15.75,16.00,42800,10.67
1995-01-16,16.25,16.25,15.75,16.00,24900,10.67
1995-01-13,16.25,16.25,15.75,16.00,66600,10.67
1995-01-12,15.75,16.25,15.75,15.75,38100,10.50
1995-01-11,16.25,16.25,15.75,15.75,83000,10.50
1995-01-10,15.75,16.25,15.75,16.00,50400,10.67
1995-01-09,15.75,16.25,15.75,15.75,74800,10.50
1995-01-06,15.75,16.25,15.75,16.25,51400,10.83
1995-01-05,15.75,16.50,15.50,15.75,90400,10.50
1995-01-04,15.00,15.75,15.00,15.75,99600,10.50
1995-01-03,14.75,15.50,14.75,15.00,39900,10.00
1994-12-30,15.50,15.50,14.75,15.50,19000,10.33
1994-12-29,15.00,15.50,14.75,15.50,9400,10.33
1994-12-28,15.25,15.50,14.75,15.13,58600,10.08
1994-12-27,14.75,15.25,14.50,15.00,24400,10.00
1994-12-23,14.50,15.00,14.50,15.00,13000,10.00
1994-12-22,14.25,15.38,14.25,15.00,78200,10.00
1994-12-21,14.75,14.75,14.25,14.50,27000,9.67
1994-12-20,14.75,14.75,14.25,14.50,16400,9.67
1994-12-19,14.75,14.75,14.25,14.75,38800,9.83
1994-12-16,14.75,14.75,14.25,14.25,60200,9.50
1994-12-15,14.00,14.50,13.75,14.50,80000,9.67
1994-12-14,13.75,14.00,13.25,14.00,19600,9.33
1994-12-13,14.00,14.00,13.50,13.75,37600,9.17
1994-12-12,14.00,14.00,13.50,13.50,19200,9.00
1994-12-09,14.00,14.00,13.50,14.00,15600,9.33
1994-12-08,13.75,14.25,13.50,14.00,15200,9.33
1994-12-07,14.25,14.25,13.75,13.75,13000,9.17
1994-12-06,14.25,14.25,13.75,14.25,19400,9.50
1994-12-05,14.25,14.25,13.75,14.25,15600,9.50
1994-12-02,14.25,14.25,13.75,13.75,20000,9.17
1994-12-01,14.00,14.50,13.75,14.25,43000,9.50
1994-11-30,14.50,14.50,14.00,14.25,27900,9.50
1994-11-29,14.50,14.50,14.00,14.50,38800,9.67
1994-11-28,14.75,14.75,14.00,14.50,43400,9.67
1994-11-25,14.75,14.75,14.25,14.75,8000,9.83
1994-11-23,14.25,14.75,13.50,14.25,56000,9.50
1994-11-22,15.25,15.25,14.25,15.00,54800,10.00
1994-11-21,14.50,15.25,14.50,14.50,153000,9.67
1994-11-18,14.50,15.25,14.50,14.62,85600,9.75
1994-11-17,13.50,15.25,13.50,15.00,158000,10.00
1994-11-16,12.25,13.50,12.25,13.12,85200,8.75
1994-11-15,12.50,12.50,12.25,12.50,48900,8.33
1994-11-14,12.50,12.50,12.00,12.25,15800,8.17
1994-11-11,12.50,12.50,12.00,12.50,32200,8.33
1994-11-10,12.25,12.62,12.00,12.50,23800,8.33
1994-11-09,12.25,12.75,12.25,12.25,20600,8.17
1994-11-08,12.88,12.88,12.50,12.50,17200,8.33
1994-11-07,12.50,12.75,12.50,12.50,14100,8.33
1994-11-04,12.62,12.75,12.50,12.75,12400,8.50
1994-11-03,13.00,13.00,12.25,12.62,34500,8.42
1994-11-02,12.50,13.00,12.50,12.62,17800,8.42
1994-11-01,13.25,13.25,12.50,13.00,42400,8.67
1994-10-31,13.25,13.25,13.00,13.00,76600,8.67
1994-10-28,13.25,13.25,12.75,13.00,35200,8.67
1994-10-27,12.75,13.25,12.50,12.75,32000,8.50
1994-10-26,12.75,13.25,12.50,13.25,26200,8.83
1994-10-25,12.25,12.75,12.25,12.50,17800,8.33
1994-10-24,12.25,12.75,12.25,12.75,73600,8.50
1994-10-21,12.50,12.50,12.25,12.25,22800,8.17
1994-10-20,12.50,12.50,11.75,12.25,158100,8.17
1994-10-19,11.25,12.75,11.00,12.50,228300,8.33
1994-10-18,10.00,11.25,10.00,11.25,69400,7.50
1994-10-17,10.50,10.50,10.00,10.00,59000,6.67
1994-10-14,11.00,11.50,10.50,10.63,30300,7.08
1994-10-13,11.50,11.50,11.00,11.25,20700,7.50
1994-10-12,11.00,11.50,11.00,11.12,37200,7.42
1994-10-11,11.25,11.50,11.00,11.00,20600,7.33
1994-10-10,11.25,11.25,11.00,11.25,5600,7.50
1994-10-07,11.00,11.25,11.00,11.00,14600,7.33
1994-10-06,11.25,11.25,11.00,11.00,9300,7.33
1994-10-05,11.25,11.75,10.75,11.25,28600,7.50
1994-10-04,11.50,11.50,11.00,11.00,69900,7.33
1994-10-03,11.50,11.50,11.00,11.50,19500,7.67
1994-09-30,11.50,11.50,11.00,11.25,47200,7.50
1994-09-29,11.50,11.50,11.00,11.50,64400,7.67
1994-09-28,11.25,11.50,11.00,11.25,19500,7.50
1994-09-27,11.25,11.25,11.00,11.00,5600,7.33
1994-09-26,11.00,11.50,11.00,11.25,16400,7.50
1994-09-23,11.00,11.50,11.00,11.50,12300,7.67
1994-09-22,11.25,11.25,11.00,11.00,12900,7.33
1994-09-21,11.50,11.50,11.00,11.00,26000,7.33
1994-09-20,11.50,11.50,11.00,11.25,8100,7.50
1994-09-19,11.50,11.50,11.00,11.25,14000,7.50
1994-09-16,11.50,11.50,11.00,11.12,10600,7.42
1994-09-15,11.25,11.50,10.50,11.12,33000,7.42
1994-09-14,10.75,11.25,10.50,11.25,111400,7.50
1994-09-13,11.00,11.25,10.50,10.50,33800,7.00
1994-09-12,11.00,11.25,10.25,10.75,10500,7.17
1994-09-09,10.25,11.00,10.25,11.00,3200,7.33
1994-09-08,10.50,11.00,10.25,10.25,11200,6.83
1994-09-07,11.00,11.00,10.50,11.00,7400,7.33
1994-09-06,10.50,11.00,10.50,10.69,9200,7.12
1994-09-02,10.50,11.00,10.25,10.75,25000,7.17
1994-09-01,10.25,11.00,10.25,10.50,11000,7.00
1994-08-31,11.00,11.00,10.25,11.00,29700,7.33
1994-08-30,11.00,11.00,10.50,11.00,29400,7.33
1994-08-29,10.50,11.00,10.50,11.00,30200,7.33
1994-08-26,11.00,11.00,10.50,10.75,25000,7.17
1994-08-25,10.50,10.75,10.50,10.50,3400,7.00
1994-08-24,11.00,11.25,10.50,10.50,20800,7.00
1994-08-23,11.00,11.00,10.50,10.75,8000,7.17
1994-08-22,11.00,11.00,10.50,10.50,22500,7.00
1994-08-19,10.50,11.00,10.50,10.50,14100,7.00
1994-08-18,10.50,11.00,10.50,11.00,32800,7.33
1994-08-17,10.75,11.00,10.25,10.63,57200,7.08
1994-08-16,11.00,11.50,10.25,10.50,69900,7.00
1994-08-15,11.50,11.50,11.00,11.50,15800,7.67
1994-08-12,11.50,11.50,11.00,11.00,11700,7.33
1994-08-11,11.00,11.50,11.00,11.00,14200,7.33
1994-08-10,11.00,11.50,11.00,11.00,8100,7.33
1994-08-09,11.00,11.50,11.00,11.00,17800,7.33
1994-08-08,10.75,11.50,10.75,11.00,8200,7.33
1994-08-05,11.00,11.00,10.75,11.00,23400,7.33
1994-08-04,11.50,11.50,11.00,11.50,14200,7.67
1994-08-03,11.50,11.50,10.75,11.50,8000,7.67
1994-08-02,11.00,11.50,10.75,10.75,7600,7.17
1994-08-01,11.00,11.50,11.00,11.00,6400,7.33
1994-07-29,11.50,11.50,11.00,11.50,23700,7.67
1994-07-28,11.50,11.50,10.75,11.00,34600,7.33
1994-07-27,10.50,11.25,10.50,10.50,35000,7.00
1994-07-26,10.75,11.00,10.50,10.50,14200,7.00
1994-07-25,11.25,11.25,10.75,11.00,22600,7.33
1994-07-22,11.25,11.25,10.75,11.25,11000,7.50
1994-07-21,11.50,11.50,10.75,11.25,19800,7.50
1994-07-20,11.75,11.75,11.00,11.50,48000,7.67
1994-07-19,11.50,12.00,11.25,11.56,32000,7.71
1994-07-18,12.75,13.00,10.75,12.00,99400,8.00
1994-07-15,13.50,14.25,12.75,12.75,47600,8.50
1994-07-14,13.75,14.25,13.00,14.25,76000,9.50
1994-07-13,12.75,13.75,12.00,13.75,89800,9.17
1994-07-12,12.00,12.75,12.00,12.75,5100,8.50
1994-07-11,12.00,12.75,12.00,12.75,11000,8.50
1994-07-08,12.25,13.00,12.00,13.00,4600,8.67
1994-07-07,13.00,13.00,12.25,13.00,23600,8.67
1994-07-06,12.25,13.00,12.25,12.25,25500,8.17
1994-07-05,12.25,13.00,12.25,12.25,4000,8.17
1994-07-01,13.00,13.00,12.25,12.25,7800,8.17
1994-06-30,12.25,13.00,12.25,13.00,41200,8.67
1994-06-29,13.00,13.00,12.25,12.75,18800,8.50
1994-06-28,12.50,12.75,12.25,12.50,9300,8.33
1994-06-27,12.50,13.00,12.50,12.50,15800,8.33
1994-06-24,12.50,12.88,12.00,12.50,56600,8.33
1994-06-23,12.50,13.25,12.50,13.25,6000,8.83
1994-06-22,13.25,13.25,12.50,12.50,8800,8.33
1994-06-21,12.50,13.25,12.50,13.25,13600,8.83
1994-06-20,13.25,13.25,12.50,12.50,30400,8.33
1994-06-17,13.25,13.25,12.50,13.25,27400,8.83
1994-06-16,12.50,13.25,12.50,13.25,45900,8.83
1994-06-15,13.00,13.00,12.50,12.50,13200,8.33
1994-06-14,12.50,13.00,12.50,13.00,9300,8.67
1994-06-13,12.50,13.00,12.50,13.00,8000,8.67
1994-06-10,12.50,13.25,12.50,13.00,8600,8.67
1994-06-09,12.50,13.25,12.50,13.00,6600,8.67
1994-06-08,12.50,13.25,12.50,12.50,12000,8.33
1994-06-07,13.25,13.25,12.50,13.00,13800,8.67
1994-06-06,13.25,13.25,12.50,13.25,18000,8.83
1994-06-03,12.50,13.25,12.50,12.50,15200,8.33
1994-06-02,12.00,13.25,12.00,12.50,20600,8.33
1994-06-01,12.00,12.75,12.00,12.25,6300,8.17
1994-05-31,12.75,12.75,12.00,12.50,3400,8.33
1994-05-27,12.50,12.75,12.00,12.00,15800,8.00
1994-05-26,12.50,12.50,12.00,12.00,10600,8.00
1994-05-25,12.00,12.50,12.00,12.50,8800,8.33
1994-05-24,12.25,12.50,11.75,12.50,14000,8.33
1994-05-23,11.75,12.50,11.75,11.87,36900,7.92
1994-05-20,12.00,12.50,11.75,12.25,18400,8.17
1994-05-19,12.25,12.50,11.75,12.25,63400,8.17
1994-05-18,12.75,12.75,11.00,11.75,69800,7.83
1994-05-17,13.25,13.50,12.00,12.75,28000,8.50
1994-05-16,13.25,13.75,13.25,13.75,7600,9.17
1994-05-13,13.75,13.75,13.25,13.25,9400,8.83
1994-05-12,13.50,13.75,13.25,13.25,23200,8.83
1994-05-11,13.75,14.00,13.50,13.50,15900,9.00
1994-05-10,13.25,14.00,13.25,13.50,11200,9.00
1994-05-09,13.25,14.00,13.25,14.00,6400,9.33
1994-05-06,13.25,14.25,13.25,13.25,14800,8.83
1994-05-05,14.00,14.25,13.25,14.12,7400,9.42
1994-05-04,14.00,14.00,13.25,14.00,3800,9.33
1994-05-03,13.50,14.00,13.25,13.25,5100,8.83
1994-05-02,14.00,14.00,13.50,13.50,10000,9.00
1994-04-29,14.00,14.25,13.50,13.50,8200,9.00
1994-04-28,13.50,14.00,13.00,14.00,45200,9.33
1994-04-26,13.50,13.50,12.75,13.00,14800,8.67
1994-04-25,13.50,13.50,12.75,12.75,22800,8.50
1994-04-22,13.50,13.50,13.00,13.00,5600,8.67
1994-04-21,13.00,13.50,13.00,13.25,20000,8.83
1994-04-20,13.00,13.75,13.00,13.50,23400,9.00
1994-04-19,14.50,14.50,13.25,13.25,24200,8.83
1994-04-18,14.75,14.75,13.75,13.75,8100,9.17
1994-04-15,14.25,14.75,14.00,14.00,13000,9.33
1994-04-14,14.25,14.75,14.25,14.25,16000,9.50
1994-04-13,15.00,15.75,14.00,14.25,57000,9.50
1994-04-12,14.00,15.00,13.25,14.50,37800,9.67
1994-04-11,14.00,14.00,13.50,14.00,9900,9.33
1994-04-08,14.50,14.50,13.25,13.75,52000,9.17
1994-04-07,13.00,14.50,13.00,14.25,74700,9.50
1994-04-06,13.00,13.00,12.25,13.00,97000,8.67
1994-04-05,12.75,13.00,12.38,13.00,53600,8.67
1994-04-04,13.00,13.00,12.00,12.00,36400,8.00
1994-03-31,13.50,14.25,12.50,13.50,47700,9.00
1994-03-30,15.25,15.25,13.50,14.25,36400,9.50
1994-03-29,14.50,14.50,14.50,14.50,5700,9.67
1994-03-28,15.25,15.25,14.50,14.50,5800,9.67
1994-03-25,15.25,15.25,14.25,15.00,16500,10.00
1994-03-24,15.25,16.00,14.75,14.75,23800,9.83
1994-03-23,16.25,16.25,15.25,15.25,21800,10.17
1994-03-22,16.00,16.50,15.75,15.75,11000,10.50
1994-03-21,16.00,16.50,16.00,16.50,12200,11.00
1994-03-18,16.25,16.50,16.00,16.50,47000,11.00
1994-03-17,16.00,16.50,15.50,16.00,23200,10.67
1994-03-16,16.00,16.00,15.50,16.00,15800,10.67
1994-03-15,15.25,16.00,15.25,15.62,16800,10.42
1994-03-14,15.00,16.00,15.00,16.00,15200,10.67
1994-03-11,14.50,15.25,14.50,15.25,41600,10.17
1994-03-10,15.50,15.50,14.75,14.87,14600,9.92
1994-03-09,16.00,16.00,14.75,15.25,54200,10.17
1994-03-08,16.00,16.00,15.25,15.50,17800,10.33
1994-03-07,15.25,16.00,15.25,16.00,20400,10.67
1994-03-04,15.50,15.75,15.25,15.62,7800,10.42
1994-03-03,15.75,15.75,15.25,15.75,28400,10.50
1994-03-02,15.50,15.50,14.75,15.00,17600,10.00
1994-03-01,15.75,15.75,15.25,15.75,22400,10.50
1994-02-28,15.25,15.75,15.25,15.75,8600,10.50
1994-02-25,15.25,15.75,15.25,15.25,9200,10.17
1994-02-24,16.25,16.25,15.25,15.75,20800,10.50
1994-02-23,16.25,16.25,15.50,15.88,12800,10.58
1994-02-22,16.00,16.50,15.75,16.25,16600,10.83
1994-02-18,16.00,16.50,16.00,16.50,20000,11.00
1994-02-17,16.00,16.50,16.00,16.00,34400,10.67
1994-02-16,16.00,16.75,16.00,16.50,10500,11.00
1994-02-15,16.75,16.75,16.00,16.00,15800,10.67
1994-02-14,16.75,16.75,16.00,16.75,9900,11.17
1994-02-11,16.75,16.75,16.25,16.25,4400,10.83
1994-02-10,16.25,17.00,16.25,16.25,27600,10.83
1994-02-09,16.50,16.50,15.75,15.75,63400,10.50
1994-02-08,16.50,16.50,15.75,16.25,48800,10.83
1994-02-07,16.50,17.00,16.00,16.50,54200,11.00
1994-02-04,17.75,17.75,16.63,16.88,49500,11.25
1994-02-03,17.25,17.75,17.25,17.50,61000,11.67
1994-02-02,17.75,17.75,17.25,17.75,24000,11.83
1994-02-01,17.75,18.25,17.00,17.25,42400,11.50
1994-01-31,18.50,19.00,16.75,17.75,177300,11.83
1994-01-28,17.75,18.50,17.75,18.38,65000,12.25
1994-01-27,17.50,18.75,17.50,18.50,101800,12.33
1994-01-26,17.00,18.00,17.00,18.00,85000,12.00
1994-01-25,17.00,17.50,16.50,16.75,65200,11.17
1994-01-24,17.00,17.00,16.50,17.00,28000,11.33
1994-01-21,16.75,17.00,16.25,17.00,42400,11.33
1994-01-20,16.25,16.75,16.25,16.75,27200,11.17
1994-01-19,16.00,16.75,16.00,16.75,34400,11.17
1994-01-18,16.00,16.75,15.50,16.75,39400,11.17
1994-01-17,16.00,16.00,15.50,15.50,21200,10.33
1994-01-14,15.75,16.00,15.50,16.00,20800,10.67
1994-01-13,16.00,16.00,15.25,16.00,21800,10.67
1994-01-12,16.00,16.00,15.25,15.25,10400,10.17
1994-01-11,15.25,16.00,15.25,15.50,13000,10.33
1994-01-10,16.00,16.00,15.25,15.25,14000,10.17
1994-01-07,16.50,16.50,15.75,16.00,44400,10.67
1994-01-06,16.25,16.50,16.00,16.25,43000,10.83
1994-01-05,16.25,16.50,16.00,16.25,32600,10.83
1994-01-04,16.75,16.75,16.25,16.50,29000,11.00
1994-01-03,16.25,16.75,16.25,16.75,35600,11.17
1993-12-31,16.50,16.75,16.25,16.25,14000,10.83
1993-12-30,16.00,16.75,16.00,16.12,26600,10.75
1993-12-29,16.75,16.75,16.00,16.00,22400,10.67
1993-12-28,16.50,16.75,15.75,16.00,24300,10.67
1993-12-27,16.00,16.50,16.00,16.50,10600,11.00
1993-12-23,16.50,16.50,16.00,16.25,18000,10.83
1993-12-22,16.50,16.50,16.00,16.00,27400,10.67
1993-12-21,16.00,16.50,16.00,16.00,15300,10.67
1993-12-20,16.00,16.50,16.00,16.00,28500,10.67
1993-12-17,16.00,16.50,16.00,16.00,19600,10.67
1993-12-16,16.50,16.50,15.75,16.50,41700,11.00
1993-12-15,16.50,16.50,15.75,16.50,45400,11.00
1993-12-14,16.00,16.50,15.75,16.50,73400,11.00
1993-12-13,15.75,16.25,15.50,15.50,23000,10.33
1993-12-10,15.75,16.25,15.75,16.25,52600,10.83
1993-12-09,15.50,16.25,15.50,16.25,24200,10.83
1993-12-08,16.25,16.25,15.50,15.50,36900,10.33
1993-12-07,15.50,16.25,14.75,16.25,140700,10.83
1993-12-06,15.50,15.50,14.75,14.75,28600,9.83
1993-12-03,15.25,15.50,14.75,15.00,47200,10.00
1993-12-02,14.75,15.25,14.75,14.87,40200,9.92
1993-12-01,15.00,15.00,14.25,14.62,18200,9.75
1993-11-30,14.50,14.75,14.00,14.75,33200,9.83
1993-11-29,14.75,14.75,14.00,14.00,20100,9.33
1993-11-26,14.25,14.75,14.25,14.25,3200,9.50
1993-11-24,14.50,14.75,14.00,14.50,43200,9.67
1993-11-23,14.00,14.75,14.00,14.00,23700,9.33
1993-11-22,15.25,15.25,14.00,14.00,48900,9.33
1993-11-19,15.25,15.25,14.50,14.75,56400,9.83
1993-11-18,14.75,15.25,14.25,15.00,101200,10.00
1993-11-17,14.50,15.13,14.25,14.25,87800,9.50
1993-11-16,14.75,14.75,14.25,14.50,32000,9.67
1993-11-15,14.75,14.75,14.25,14.25,16200,9.50
1993-11-12,14.75,14.75,14.25,14.25,15000,9.50
1993-11-11,14.25,14.75,13.75,14.25,38600,9.50
1993-11-10,14.25,14.25,13.75,14.25,26600,9.50
1993-11-09,13.75,14.25,13.75,14.12,57800,9.42
1993-11-08,14.25,14.25,13.75,14.00,30200,9.33
1993-11-05,14.00,14.50,13.25,14.25,56600,9.50
1993-11-04,15.00,15.00,13.50,13.50,56700,9.00
1993-11-03,15.00,15.25,14.50,14.50,64200,9.67
1993-11-02,14.25,15.00,14.00,15.00,83100,10.00
1993-11-01,13.50,15.00,13.50,15.00,143000,10.00
1993-10-29,13.25,13.75,13.00,13.75,51600,9.17
1993-10-28,12.75,13.75,12.75,13.37,121600,8.92
1993-10-27,12.50,13.25,12.50,13.25,32200,8.83
1993-10-26,13.00,13.00,12.50,13.00,32600,8.67
1993-10-25,12.50,12.75,11.75,12.75,32800,8.50
1993-10-22,12.50,12.50,12.00,12.50,14200,8.33
1993-10-21,12.00,12.25,11.75,11.75,33000,7.83
1993-10-20,11.75,12.00,11.25,12.00,8700,8.00
1993-10-19,12.00,12.25,11.25,11.25,15400,7.50
1993-10-18,11.75,12.00,11.25,11.87,21600,7.92
1993-10-15,12.25,12.25,11.25,12.00,19600,8.00
1993-10-14,11.75,12.50,11.00,12.25,62700,8.17
1993-10-13,11.25,12.75,11.25,12.00,64200,8.00
1993-10-12,11.75,11.75,11.25,11.38,17200,7.58
1993-10-11,12.00,12.00,11.25,11.75,16200,7.83
1993-10-08,11.25,12.00,11.25,11.75,18300,7.83
1993-10-07,11.25,12.00,11.25,11.25,10800,7.50
1993-10-06,12.00,12.00,11.25,11.50,49000,7.67
1993-10-05,12.50,12.50,12.00,12.50,19400,8.33
1993-10-04,12.50,12.50,12.00,12.50,5200,8.33
1993-10-01,12.50,12.50,12.00,12.50,7800,8.33
1993-09-30,12.50,12.50,12.00,12.00,27400,8.00
1993-09-29,12.50,13.00,12.25,12.25,39800,8.17
1993-09-28,12.50,13.00,12.50,12.50,4800,8.33
1993-09-27,13.25,13.25,12.50,12.50,13600,8.33
1993-09-24,13.00,13.25,12.50,13.25,6800,8.83
1993-09-23,13.00,13.00,12.50,12.50,12200,8.33
1993-09-22,13.25,13.25,12.50,13.00,22800,8.67
1993-09-21,12.75,13.25,12.50,13.25,32800,8.83
1993-09-20,13.00,13.75,12.50,13.00,68600,8.67
1993-09-17,13.00,13.00,12.50,13.00,31400,8.67
1993-09-16,13.50,13.75,11.75,12.50,108300,8.33
1993-09-15,13.00,14.00,13.00,13.50,163400,9.00
1993-09-14,12.75,13.00,12.25,12.62,60400,8.42
1993-09-13,12.00,12.75,12.00,12.38,112000,8.25
1993-09-10,11.50,12.25,11.50,12.25,14200,8.17
1993-09-09,12.25,12.25,11.50,12.25,53200,8.17
1993-09-08,12.50,12.50,11.50,12.25,40000,8.17
1993-09-07,13.00,13.00,12.00,12.25,52600,8.17
1993-09-03,13.00,13.00,12.25,12.25,39300,8.17
1993-09-02,12.25,13.00,12.25,13.00,29100,8.67
1993-09-01,12.25,13.00,12.25,13.00,36800,8.67
1993-08-31,13.00,13.00,12.25,12.50,17800,8.33
1993-08-30,13.00,13.00,12.50,13.00,19600,8.67
1993-08-27,13.75,13.75,12.75,12.88,33800,8.58
1993-08-26,12.75,13.75,12.75,13.75,35200,9.17
1993-08-25,12.50,13.50,12.50,12.75,39800,8.50
1993-08-24,13.50,13.50,12.50,13.25,45200,8.83
1993-08-23,13.00,13.75,12.75,13.50,88600,9.00
1993-08-20,12.75,13.50,12.00,13.00,68200,8.67
1993-08-19,12.50,12.75,12.00,12.75,17400,8.50
1993-08-18,12.50,12.50,11.75,12.50,31200,8.33
1993-08-17,12.50,12.50,11.75,11.75,25600,7.83
1993-08-16,12.25,12.50,11.75,12.50,30000,8.33
1993-08-13,12.50,12.50,11.75,12.25,7000,8.17
1993-08-12,12.00,12.75,11.75,12.50,32000,8.33
1993-08-11,12.50,12.75,12.00,12.00,12300,8.00
1993-08-10,12.00,12.50,12.00,12.25,13200,8.17
1993-08-09,12.50,12.50,12.00,12.00,25000,8.00
1993-08-06,12.50,12.50,11.75,12.50,36800,8.33
1993-08-05,12.25,13.00,12.00,12.50,36800,8.33
1993-08-04,13.00,13.00,12.00,13.00,22000,8.67
1993-08-03,12.00,13.00,12.00,12.50,40600,8.33
1993-08-02,12.75,12.75,12.00,12.75,20800,8.50
1993-07-30,12.00,12.75,12.00,12.00,28400,8.00
1993-07-29,12.50,13.00,12.00,12.75,14800,8.50
1993-07-28,12.50,13.00,12.50,13.00,19600,8.67
1993-07-27,13.25,13.25,12.50,12.50,22400,8.33
1993-07-26,13.25,13.25,12.75,13.25,16200,8.83
1993-07-23,13.25,13.25,12.50,12.50,9900,8.33
1993-07-22,13.25,13.25,12.50,13.25,32200,8.83
1993-07-21,12.62,13.25,12.50,12.75,35800,8.50
1993-07-20,11.75,13.75,11.75,13.00,171300,8.67
1993-07-19,11.25,11.75,10.75,11.75,80000,7.83
1993-07-16,11.00,11.75,10.50,11.00,180900,7.33
1993-07-15,11.75,11.75,11.00,11.00,26000,7.33
1993-07-14,12.00,12.00,10.75,11.25,210900,7.50
1993-07-13,11.75,12.00,11.25,12.00,25500,8.00
1993-07-12,12.00,12.00,11.50,11.50,18300,7.67
1993-07-09,12.25,12.25,11.50,11.50,33400,7.67
1993-07-08,12.25,12.25,11.50,12.25,53400,8.17
1993-07-07,12.00,12.50,11.50,12.13,64500,8.08
1993-07-06,12.00,12.00,11.25,12.00,25600,8.00
1993-07-02,12.50,12.75,11.00,11.50,169200,7.67
1993-07-01,11.75,12.50,11.25,12.50,83800,8.33
1993-06-30,11.50,12.00,11.00,11.75,113000,7.83
1993-06-29,11.00,11.50,11.00,11.00,23200,7.33
1993-06-28,11.25,11.50,10.75,11.25,78800,7.50
1993-06-25,10.50,11.50,10.50,11.25,114900,7.50
1993-06-24,10.50,11.50,10.50,10.50,176200,7.00
1993-06-23,9.50,9.75,9.00,9.75,201800,6.50
1993-06-22,9.00,9.75,9.00,9.13,45200,6.08
1993-06-21,9.50,9.50,9.00,9.50,34200,6.33
1993-06-18,9.50,9.50,9.00,9.50,28000,6.33
1993-06-17,9.75,9.75,9.00,9.00,88000,6.00
1993-06-16,10.00,10.00,9.00,9.75,109800,6.50
1993-06-15,10.00,10.25,9.50,10.00,74100,6.67
1993-06-14,9.75,10.25,9.25,10.00,27400,6.67
1993-06-11,10.25,10.25,9.25,9.75,105200,6.50
1993-06-10,10.25,10.25,9.50,9.75,38800,6.50
1993-06-09,10.00,10.25,9.13,10.25,125800,6.83
1993-06-08,9.75,10.50,9.50,10.00,93600,6.67
1993-06-07,12.00,12.00,9.50,10.25,156200,6.83
1993-06-04,12.00,12.75,11.25,12.00,87900,8.00
1993-06-03,13.25,13.25,12.25,12.50,58400,8.33
1993-06-02,13.25,13.50,12.75,13.25,31600,8.83
1993-06-01,14.25,14.25,13.25,13.25,32100,8.83
1993-05-28,13.75,14.50,13.50,13.50,13000,9.00
1993-05-27,13.25,14.25,13.25,13.75,35600,9.17
1993-05-26,14.25,14.25,13.25,14.25,14200,9.50
1993-05-25,13.25,14.25,13.25,14.25,19400,9.50
1993-05-24,13.25,14.25,13.25,14.25,11600,9.50
1993-05-21,14.00,14.25,13.25,13.25,12400,8.83
1993-05-20,14.25,14.25,13.25,14.25,12400,9.50
1993-05-19,13.75,14.25,13.25,14.25,17700,9.50
1993-05-18,14.75,14.75,13.75,14.25,25400,9.50
1993-05-17,14.25,15.25,13.75,13.75,34500,9.17
1993-05-14,15.25,15.25,14.50,15.25,9400,10.17
1993-05-13,15.25,15.25,11.75,15.25,18000,10.17
1993-05-12,14.50,15.25,14.50,15.25,9800,10.17
1993-05-11,14.50,15.25,14.50,15.25,20700,10.17
1993-05-10,16.00,16.00,14.50,15.00,30800,10.00
1993-05-07,14.75,15.50,14.75,15.50,96600,10.33
1993-05-06,14.75,15.50,14.25,15.50,29000,10.33
1993-05-05,14.25,14.75,13.75,14.00,60400,9.33
1993-05-04,13.25,14.50,13.25,14.12,42800,9.42
1993-05-03,14.00,14.00,13.25,13.75,30600,9.17
1993-04-30,14.25,14.25,13.25,13.37,22400,8.92
1993-04-29,14.25,14.25,13.25,13.50,44600,9.00
1993-04-28,14.50,14.50,13.25,14.00,33000,9.33
1993-04-27,14.50,14.50,13.75,14.50,7600,9.67
1993-04-26,14.75,14.75,13.75,13.75,6600,9.17
1993-04-23,14.75,14.75,13.75,14.75,5200,9.83
1993-04-22,14.75,14.75,14.00,14.50,18000,9.67
1993-04-21,13.75,14.75,13.25,14.50,36000,9.67
1993-04-20,13.50,14.25,13.25,13.25,40800,8.83
1993-04-19,14.50,14.50,13.50,14.25,39800,9.50
1993-04-16,13.50,14.75,13.50,14.50,49400,9.67
1993-04-15,13.88,14.25,13.00,14.00,120800,9.33
1993-04-14,15.75,16.00,13.50,13.75,197000,9.17
1993-04-13,16.50,16.50,15.75,16.50,21000,11.00
1993-04-12,16.25,16.50,15.75,16.50,34600,11.00
1993-04-08,18.00,18.25,15.75,16.00,78800,10.67
1993-04-07,16.25,18.00,15.50,17.25,113000,11.50
1993-04-06,16.50,16.50,15.25,16.00,37600,10.67
1993-04-05,16.25,16.75,15.75,16.50,25600,11.00
1993-04-02,16.00,17.00,15.75,16.25,105900,10.83
1993-04-01,16.00,16.00,15.00,16.00,36800,10.67
1993-03-31,23.25,23.25,22.25,23.25,26800,10.33
1993-03-30,22.25,23.25,22.25,23.25,12400,10.33
1993-03-29,23.50,23.50,22.25,23.25,14800,10.33
1993-03-26,23.25,24.00,22.50,23.37,171400,10.39
1993-03-25,21.00,23.25,21.00,22.50,47000,10.00
1993-03-24,21.25,22.00,21.00,21.75,10800,9.67
1993-03-23,21.00,22.00,21.00,21.75,24500,9.67
1993-03-22,21.25,21.50,20.00,21.50,225000,9.56
1993-03-19,23.50,23.50,21.00,21.25,74500,9.44
1993-03-18,23.50,24.00,23.50,23.62,87500,10.50
1993-03-17,24.25,24.25,23.50,23.50,64100,10.44
1993-03-16,23.50,24.25,23.50,23.75,38900,10.56
1993-03-15,23.25,24.25,23.25,24.12,59800,10.72
1993-03-12,24.25,24.25,23.25,23.75,51300,10.56
1993-03-11,23.75,24.25,23.25,23.75,105300,10.56
1993-03-10,23.00,23.75,22.50,23.75,127100,10.56
1993-03-09,22.25,23.00,22.25,22.62,103300,10.06
1993-03-08,22.75,22.75,22.25,22.75,60300,10.11
1993-03-05,23.00,23.75,22.25,22.50,116800,10.00
1993-03-04,24.00,24.50,22.00,23.00,154600,10.22
1993-03-03,22.25,24.50,21.75,24.00,212200,10.67
1993-03-02,21.50,22.75,21.50,22.25,87100,9.89
1993-03-01,21.25,22.00,20.75,20.75,83900,9.22
1993-02-26,20.25,21.75,20.25,21.00,91600,9.33
1993-02-25,20.25,20.75,20.00,20.25,22300,9.00
1993-02-24,19.50,21.00,19.50,20.75,135700,9.22
1993-02-23,20.25,20.25,19.50,20.00,256000,8.89
1993-02-22,20.25,20.25,19.75,20.25,179100,9.00
1993-02-19,18.75,20.25,18.75,20.00,224800,8.89
1993-02-18,18.50,19.25,17.75,18.75,187000,8.33
1993-02-17,18.00,18.25,17.25,18.12,103300,8.06
1993-02-16,20.50,20.50,16.38,17.50,238300,7.78
1993-02-12,20.00,20.50,20.00,20.00,9700,8.89
1993-02-11,20.50,20.75,20.00,20.00,9700,8.89
1993-02-10,19.50,20.75,18.75,20.25,93400,9.00
1993-02-09,20.25,21.00,18.75,18.75,67300,8.33
1993-02-08,21.00,21.00,20.25,20.25,21400,9.00
1993-02-05,21.25,21.75,20.25,21.00,113600,9.33
1993-02-04,20.50,21.00,19.75,20.25,91100,9.00
1993-02-03,19.75,20.25,19.75,20.25,150100,9.00
1993-02-02,20.50,21.25,19.75,20.25,201800,9.00
1993-02-01,21.75,21.75,20.00,21.12,171200,9.39
1993-01-29,22.50,23.00,21.25,21.75,80800,9.67
1993-01-28,23.00,23.00,22.25,22.50,117700,10.00
1993-01-27,24.00,24.50,22.25,23.00,177100,10.22
1993-01-26,22.75,24.25,22.75,23.75,202300,10.56
1993-01-25,21.00,23.00,20.25,22.75,170800,10.11
1993-01-22,21.50,22.00,19.75,21.00,235400,9.33
1993-01-21,19.25,22.00,18.75,21.50,200000,9.56
1993-01-20,18.50,19.25,18.50,19.25,99400,8.56
1993-01-19,19.25,19.50,18.00,19.00,313000,8.44
1993-01-18,18.25,18.50,17.75,18.25,81700,8.11
1993-01-15,18.50,18.50,17.75,18.25,67000,8.11
1993-01-14,17.50,18.50,17.50,18.00,210400,8.00
1993-01-13,17.50,18.00,17.25,18.00,293000,8.00
1993-01-12,16.50,17.50,16.25,17.50,238300,7.78
1993-01-11,15.75,17.00,15.50,16.12,357100,7.17
1993-01-08,15.25,15.50,15.00,15.50,328300,6.89
1993-01-07,14.50,15.25,14.50,15.25,5600,6.78
1993-01-06,15.25,15.25,14.50,14.50,13000,6.44
1993-01-05,14.88,15.25,14.50,14.75,11900,6.56
1993-01-04,14.50,15.00,14.50,14.75,22700,6.56
1992-12-31,14.75,14.75,14.50,14.50,17800,6.44
1992-12-30,14.25,14.75,14.25,14.75,19800,6.56
1992-12-29,15.00,15.00,14.25,14.25,27700,6.33
1992-12-28,14.50,15.00,14.50,15.00,11000,6.67
1992-12-24,14.75,14.75,14.62,14.62,8600,6.50
1992-12-23,14.75,15.00,14.50,14.75,30800,6.56
1992-12-22,14.50,15.25,14.00,15.00,76700,6.67
1992-12-21,14.00,14.50,13.50,14.50,42100,6.44
1992-12-18,13.50,14.00,13.25,13.50,127800,6.00
1992-12-17,12.25,13.50,12.25,13.50,141100,6.00
1992-12-16,13.25,13.75,12.00,12.75,279400,5.67
1992-12-15,15.00,15.00,13.25,13.75,133000,6.11
1992-12-14,14.75,15.25,14.75,14.75,64600,6.56
1992-12-11,14.75,15.25,14.75,14.75,16600,6.56
1992-12-10,15.25,15.25,14.75,15.00,19600,6.67
1992-12-09,15.25,15.25,14.75,15.25,119900,6.78
1992-12-08,15.00,15.50,15.00,15.25,52000,6.78
1992-12-07,15.50,15.50,15.00,15.25,51500,6.78
1992-12-04,15.00,15.50,15.00,15.50,38000,6.89
1992-12-03,15.50,15.75,15.00,15.50,51800,6.89
1992-12-02,14.75,15.50,14.75,15.00,172600,6.67
1992-12-01,15.50,15.50,14.75,15.25,107300,6.78
1992-11-30,15.50,16.25,14.75,15.00,585700,6.67
1992-11-27,13.50,15.00,13.00,15.00,285100,6.67
1992-11-25,12.50,13.50,12.25,12.87,265000,5.72
1992-11-24,11.25,12.25,11.00,12.00,246200,5.33
1992-11-23,10.75,11.25,10.50,11.12,81700,4.94
1992-11-20,10.25,10.25,10.25,10.25,1100,4.56
1992-11-19,10.25,10.50,10.25,10.50,19100,4.67
1992-11-18,10.25,10.50,10.25,10.50,19800,4.67
1992-11-17,10.75,10.75,10.25,10.50,23000,4.67
1992-11-16,10.75,10.75,10.25,10.38,14400,4.61
1992-11-13,10.00,10.75,10.00,10.75,14000,4.78
1992-11-12,10.75,10.75,10.00,10.75,22700,4.78
1992-11-11,10.25,10.75,10.00,10.75,7400,4.78
1992-11-10,10.38,10.75,10.25,10.38,2200,4.61
1992-11-09,10.75,10.75,10.25,10.75,1600,4.78
1992-11-06,10.75,10.75,10.25,10.25,2900,4.56
1992-11-05,10.50,10.75,10.00,10.00,3800,4.44
1992-11-04,10.25,10.50,10.25,10.50,44600,4.67
1992-11-03,10.75,10.75,10.25,10.25,18700,4.56
1992-11-02,10.75,10.75,10.75,10.75,2500,4.78
1992-10-30,10.50,10.75,10.25,10.25,12400,4.56
1992-10-29,10.25,10.50,9.75,10.25,6100,4.56
1992-10-28,10.75,10.75,10.25,10.50,28800,4.67
1992-10-27,10.50,10.75,10.25,10.75,21400,4.78
1992-10-23,10.00,10.50,9.75,10.25,37800,4.56
1992-10-22,10.00,10.00,9.50,10.00,4300,4.44
1992-10-21,10.00,10.25,9.50,9.50,7600,4.22
1992-10-20,9.50,10.00,9.50,10.00,60100,4.44
1992-10-19,10.75,10.75,9.25,9.25,67700,4.11
1992-10-16,11.00,11.00,10.38,10.50,35300,4.67
1992-10-15,11.00,11.00,10.75,11.00,29000,4.89
1992-10-14,11.00,11.00,10.50,10.50,4700,4.67
1992-10-13,11.00,11.00,10.50,10.75,16200,4.78
1992-10-12,11.00,11.00,10.50,10.50,52000,4.67
1992-10-09,11.00,11.00,10.75,11.00,10400,4.89
1992-10-08,11.00,11.00,10.50,11.00,53300,4.89
1992-10-07,11.25,11.25,10.75,11.25,3800,5.00
1992-10-06,11.25,11.25,10.75,11.25,12400,5.00
1992-10-05,10.75,11.25,10.50,10.75,22700,4.78
1992-10-02,11.25,11.25,10.88,11.25,31500,5.00
1992-10-01,11.25,11.25,10.75,11.00,102800,4.89
1992-09-30,11.25,11.50,10.50,11.00,168500,4.89
1992-09-29,10.50,10.75,10.25,10.75,32800,4.78
1992-09-28,10.50,10.50,10.38,10.38,2000,4.61
1992-09-25,10.25,10.25,10.12,10.12,18700,4.50
1992-09-24,9.87,10.25,9.75,10.00,29000,4.44
1992-09-23,10.12,10.25,9.75,9.75,4700,4.33
1992-09-22,10.25,10.25,9.75,10.25,11500,4.56
1992-09-21,10.50,10.50,9.75,10.50,6100,4.67
1992-09-18,10.00,10.25,9.75,10.00,28800,4.44
1992-09-17,10.50,10.50,10.00,10.50,11900,4.67
1992-09-16,10.25,10.50,10.00,10.50,27000,4.67
1992-09-15,10.50,10.50,10.50,10.50,2900,4.67
1992-09-14,9.75,9.75,9.75,9.75,700,4.33
1992-09-11,10.25,10.50,9.75,9.75,3200,4.33
1992-09-10,10.00,10.25,10.00,10.25,103700,4.56
1992-09-09,10.00,10.25,9.75,9.75,29900,4.33
1992-09-08,10.25,10.25,9.75,9.75,3400,4.33
1992-09-04,10.00,10.25,9.50,10.25,18700,4.56
1992-09-03,9.00,9.75,9.00,9.75,37400,4.33
1992-09-02,8.75,9.00,8.50,8.50,11200,3.78
1992-09-01,8.75,8.75,8.75,8.75,6300,3.89
1992-08-31,8.75,9.00,8.25,8.25,7400,3.67
1992-08-28,9.75,9.75,9.00,9.00,22700,4.00
1992-08-27,9.50,9.75,9.50,9.75,13700,4.33
1992-08-26,10.00,10.25,9.50,9.50,25600,4.22
1992-08-25,10.00,10.12,10.00,10.00,16000,4.44
1992-08-24,10.00,10.00,10.00,10.00,2900,4.44
1992-08-21,10.00,10.50,10.00,10.50,34600,4.67
1992-08-20,10.00,10.50,10.00,10.00,9900,4.44
1992-08-19,10.50,10.50,10.00,10.25,29900,4.56
1992-08-18,10.75,10.75,10.00,10.00,3800,4.44
1992-08-14,10.25,10.50,10.25,10.50,15500,4.67
1992-08-13,10.00,10.00,10.00,10.00,400,4.44
1992-08-12,10.00,10.38,10.00,10.38,12800,4.61
1992-08-11,10.50,10.50,10.00,10.25,3400,4.56
1992-08-10,10.00,10.50,10.00,10.50,3800,4.67
1992-08-07,10.50,10.75,10.12,10.50,41600,4.67
1992-08-06,10.00,10.50,10.00,10.00,16400,4.44
1992-08-05,10.38,10.75,10.00,10.75,21600,4.78
1992-08-04,10.62,10.62,10.00,10.38,64800,4.61
1992-08-03,10.25,10.62,10.25,10.62,700,4.72
1992-07-31,10.25,10.75,10.25,10.38,26300,4.61
1992-07-30,10.25,10.62,10.25,10.62,9700,4.72
1992-07-29,10.25,10.25,10.25,10.25,1600,4.56
1992-07-28,10.50,10.50,10.50,10.50,6500,4.67
1992-07-27,10.50,10.50,10.12,10.25,22700,4.56
1992-07-24,10.12,10.12,10.00,10.12,12200,4.50
1992-07-23,10.50,10.50,10.38,10.38,1400,4.61
1992-07-22,11.50,11.50,10.25,10.25,56900,4.56
1992-07-21,10.75,11.50,10.25,11.25,76000,5.00
1992-07-20,9.87,10.75,9.75,10.50,36200,4.67
1992-07-17,10.00,10.50,9.50,10.00,182500,4.44
1992-07-16,8.75,9.75,8.75,9.75,44300,4.33
1992-07-15,9.25,9.50,8.75,9.50,40300,4.22
1992-07-14,9.00,9.00,8.50,8.50,1100,3.78
1992-07-13,9.25,9.25,9.00,9.00,4300,4.00
1992-07-10,9.25,9.25,8.50,8.50,3400,3.78
1992-07-09,8.50,9.00,8.50,9.00,1600,4.00
1992-07-07,8.75,9.00,8.75,9.00,3400,4.00
1992-07-06,9.25,9.25,9.00,9.00,8800,4.00
1992-07-02,9.50,9.50,9.25,9.50,9700,4.22
1992-07-01,9.00,9.50,9.00,9.50,85000,4.22
1992-06-29,8.50,9.75,8.50,9.25,60800,4.11
1992-06-25,8.75,8.75,8.50,8.50,5000,3.78
1992-06-24,9.25,9.50,8.75,9.00,14200,4.00
1992-06-23,9.00,9.50,9.00,9.00,5600,4.00
1992-06-22,9.00,9.50,9.00,9.00,4500,4.00
1992-06-19,9.00,9.50,9.00,9.00,3400,4.00
1992-06-18,9.00,9.50,9.00,9.50,11700,4.22
1992-06-17,9.25,9.75,9.00,9.25,14800,4.11
1992-06-16,9.25,9.75,9.25,9.25,18200,4.11
1992-06-15,9.00,9.50,9.00,9.50,20900,4.22
1992-06-12,9.25,9.25,8.75,9.25,22700,4.11
1992-06-11,9.00,9.00,8.75,8.75,2500,3.89
1992-06-10,9.25,9.50,9.00,9.00,12600,4.00
1992-06-09,10.00,10.00,9.25,9.63,24500,4.28
1992-06-08,9.25,10.00,9.00,10.00,25600,4.44
1992-06-05,9.00,9.25,9.00,9.25,20900,4.11
1992-06-04,9.00,9.25,9.00,9.25,5600,4.11
1992-06-03,8.75,9.25,8.75,9.25,60300,4.11
1992-06-02,9.25,9.25,8.75,9.25,27000,4.11
1992-06-01,8.50,9.25,8.50,9.00,14800,4.00
1992-05-29,8.75,9.00,8.25,9.00,11500,4.00
1992-05-28,8.25,8.50,8.25,8.50,6500,3.78
1992-05-27,8.00,8.50,8.00,8.50,11900,3.78
1992-05-26,8.00,8.50,8.00,8.00,7400,3.56
1992-05-22,8.50,8.50,8.00,8.25,16900,3.67
1992-05-21,8.50,8.75,8.00,8.50,36900,3.78
1992-05-20,8.75,9.00,8.50,8.50,6100,3.78
1992-05-19,9.00,9.00,8.50,9.00,54900,4.00
1992-05-18,9.25,9.25,8.75,9.00,63700,4.00
1992-05-15,8.00,9.50,8.00,8.75,93800,3.89
1992-05-14,7.50,7.75,7.50,7.75,5000,3.44
1992-05-13,8.25,8.25,7.75,8.00,9200,3.56
1992-05-12,8.25,8.25,8.00,8.00,20500,3.56
1992-05-11,8.00,8.50,8.00,8.00,13700,3.56
1992-05-08,8.50,8.50,8.50,8.50,2000,3.78
1992-05-07,8.25,8.50,8.00,8.00,12800,3.56
1992-05-06,8.00,8.25,7.75,8.00,22000,3.56
1992-05-05,8.25,8.25,8.00,8.00,9700,3.56
1992-05-04,8.13,8.25,7.75,7.75,7000,3.44
1992-05-01,8.25,8.25,7.75,7.75,1800,3.44
1992-04-30,7.75,8.25,7.75,7.75,23400,3.44
1992-04-29,7.00,7.75,7.00,7.50,23000,3.33
1992-04-28,7.00,7.50,7.00,7.00,84600,3.11
1992-04-27,7.75,7.75,6.75,7.00,23800,3.11
1992-04-24,7.75,7.88,7.25,7.25,52900,3.22
1992-04-23,8.50,8.50,7.75,8.25,66600,3.67
1992-04-22,8.75,8.75,8.00,8.13,20900,3.61
1992-04-21,9.00,9.00,7.75,8.50,103300,3.78
1992-04-20,8.75,8.87,8.75,8.75,98300,3.89
1992-04-16,9.25,9.50,8.75,8.75,56900,3.89
1992-04-15,9.50,10.00,9.25,9.25,156600,4.11
1992-04-14,9.50,10.00,9.50,9.75,81200,4.33
1992-04-13,9.75,9.87,9.25,9.50,26100,4.22
1992-04-10,9.75,10.25,9.25,9.75,128900,4.33
1992-04-09,9.50,10.00,9.50,9.50,48400,4.22
1992-04-08,9.75,10.00,9.00,10.00,72400,4.44
1992-04-07,10.50,10.50,9.50,9.50,58000,4.22
1992-04-06,11.00,11.00,10.00,10.50,179300,4.67
1992-04-03,9.25,10.75,9.00,10.75,212000,4.78
1992-04-02,9.75,9.75,8.75,8.75,241200,3.89
1992-04-01,10.00,10.50,8.50,9.75,526300,4.33
1992-03-31,12.00,12.00,10.00,10.38,988200,4.61
