Date,Open,High,Low,Close,Volume,Adj Close
2014-02-24,26.25,26.43,26.12,26.40,8500,26.40
2014-02-21,26.47,26.47,26.25,26.25,1400,26.25
2014-02-20,26.14,26.40,26.11,26.40,2000,26.40
2014-02-19,26.25,26.27,26.17,26.25,2200,26.25
2014-02-18,26.20,26.20,26.20,26.20,500,26.20
2014-02-14,26.51,26.51,26.35,26.35,4200,26.35
2014-02-13,26.30,26.30,26.30,26.30,000,26.30
2014-02-12,26.30,26.30,26.30,26.30,1100,26.30
2014-02-11,26.30,26.53,26.03,26.13,7700,26.13
2014-02-10,26.37,26.37,26.36,26.36,3000,26.36
2014-02-07,26.39,26.39,26.18,26.34,1700,26.34
2014-02-06,26.39,26.39,26.00,26.25,2600,26.25
2014-02-05,26.22,26.34,25.90,26.31,9300,26.31
2014-02-04,26.45,26.45,26.30,26.39,1700,26.39
2014-02-03,26.36,26.36,26.36,26.36,200,26.36
2014-01-31,26.39,26.39,26.24,26.25,3300,26.25
2014-01-30,26.39,26.41,26.07,26.40,2500,26.40
2014-01-29,26.35,26.35,26.02,26.14,29600,26.14
2014-01-28,26.02,26.39,26.02,26.30,43700,26.30
2014-01-27,26.30,26.30,26.01,26.01,1700,26.01
2014-01-24,26.23,26.34,26.01,26.34,6300,26.34
2014-01-23,26.20,26.31,26.07,26.08,7300,26.08
2014-01-22,26.25,26.35,26.17,26.27,22000,26.27
2014-01-21,26.25,26.49,26.04,26.35,6900,26.35
2014-01-17,26.02,26.73,26.02,26.30,16700,26.30
2014-01-16,26.12,26.12,26.01,26.01,500,26.01
2014-01-15,26.23,26.23,25.99,26.05,4500,26.05
2014-01-14,25.99,26.19,25.91,26.12,13300,26.12
2014-01-13,25.75,25.75,25.75,25.75,000,25.75
2014-01-10,25.75,25.75,25.75,25.75,200,25.75
2014-01-09,25.90,25.90,25.88,25.90,1800,25.90
2014-01-08,25.90,25.93,25.90,25.93,1000,25.93
2014-01-07,25.90,25.94,25.90,25.94,800,25.94
2014-01-06,25.90,25.90,25.90,25.90,300,25.90
2014-01-03,25.99,25.99,25.90,25.90,600,25.90
2014-01-02,26.20,26.20,26.20,26.20,000,26.20
2013-12-31,25.86,26.20,25.85,26.20,1500,26.20
2013-12-30,25.68,26.01,25.68,26.01,2100,26.01
2013-12-27,26.23,26.23,26.00,26.00,500,26.00
2013-12-26,26.28,26.28,26.25,26.25,4700,26.25
2013-12-24,26.15,26.27,26.15,26.27,1300,25.66
2013-12-23,26.20,26.20,26.03,26.04,2800,25.44
2013-12-20,25.81,26.32,25.79,25.86,4800,25.26
2013-12-19,26.15,26.15,25.78,25.78,700,25.18
2013-12-18,26.15,26.17,26.14,26.17,1300,25.56
2013-12-17,26.18,26.29,26.18,26.29,3500,25.68
2013-12-16,25.84,26.18,25.84,26.18,800,25.57
2013-12-13,26.15,26.15,26.15,26.15,200,25.54
2013-12-12,25.77,26.22,25.77,26.22,1400,25.61
2013-12-11,26.35,26.35,26.35,26.35,000,25.74
2013-12-10,26.35,26.35,26.35,26.35,000,25.74
2013-12-09,26.31,26.35,26.30,26.35,1100,25.74
2013-12-06,25.90,25.90,25.90,25.90,000,25.30
2013-12-05,25.90,25.90,25.90,25.90,400,25.30
2013-12-04,26.10,26.10,26.08,26.10,900,25.49
2013-12-03,25.80,25.91,25.80,25.91,800,25.31
2013-12-02,26.44,26.44,26.38,26.38,700,25.77
2013-11-29,25.89,25.89,25.89,25.89,800,25.29
2013-11-27,26.44,26.75,25.84,25.84,3900,25.24
2013-11-26,26.48,26.48,26.21,26.21,5600,25.60
2013-11-25,25.85,26.48,25.85,26.48,4900,25.87
2013-11-22,25.78,25.85,25.63,25.85,4200,25.25
2013-11-21,25.90,25.90,25.90,25.90,100,25.30
2013-11-20,25.88,26.08,25.87,25.87,3400,25.27
2013-11-19,25.81,25.81,25.75,25.75,600,25.15
2013-11-18,25.80,25.80,25.74,25.74,1300,25.14
2013-11-15,25.78,25.80,25.78,25.80,2400,25.20
2013-11-14,25.79,25.79,25.62,25.62,1200,25.03
2013-11-13,25.62,25.62,25.62,25.62,000,25.03
2013-11-12,25.64,25.64,25.62,25.62,1000,25.03
2013-11-11,25.84,25.84,25.84,25.84,1000,25.24
2013-11-08,25.86,25.86,25.86,25.86,100,25.26
2013-11-07,25.66,25.87,25.60,25.87,3400,25.27
2013-11-06,25.61,25.61,25.50,25.50,1800,24.91
2013-11-05,25.65,25.66,25.47,25.47,11100,24.88
2013-11-04,25.60,25.60,25.60,25.60,500,25.01
2013-11-01,25.65,25.65,25.63,25.63,1100,25.04
2013-10-31,25.65,25.65,25.58,25.65,600,25.06
2013-10-30,25.65,25.65,25.65,25.65,700,25.06
2013-10-29,25.51,25.65,25.51,25.63,1600,25.04
2013-10-28,25.65,25.65,25.60,25.65,2600,25.06
2013-10-25,25.65,25.65,25.64,25.65,4000,25.06
2013-10-24,25.65,25.65,25.60,25.60,600,25.01
2013-10-23,25.62,25.62,25.62,25.62,000,25.03
2013-10-22,25.62,25.62,25.62,25.62,200,25.03
2013-10-21,25.64,25.64,25.45,25.64,1400,25.05
2013-10-18,25.54,25.65,25.54,25.63,2100,25.04
2013-10-17,25.64,25.64,25.50,25.60,900,25.01
2013-10-16,25.60,25.60,25.50,25.50,2600,24.91
2013-10-15,25.34,25.64,25.34,25.37,2100,24.78
2013-10-14,25.65,25.65,25.56,25.57,900,24.98
2013-10-11,25.75,25.75,25.75,25.75,000,25.15
2013-10-10,25.52,25.75,25.52,25.75,3100,25.15
2013-10-09,25.61,25.70,25.61,25.70,1000,25.10
2013-10-08,25.50,25.75,25.50,25.75,1200,25.15
2013-10-07,25.54,25.94,25.54,25.54,6100,24.95
2013-10-04,25.85,25.85,25.85,25.85,000,25.25
2013-10-03,25.85,25.85,25.85,25.85,000,25.25
2013-10-02,25.85,25.85,25.85,25.85,000,25.25
2013-10-01,25.99,25.99,25.85,25.85,1000,25.25
2013-09-30,25.99,25.99,25.99,25.99,300,25.39
2013-09-27,25.55,25.98,25.55,25.98,1700,25.38
2013-09-26,25.62,25.67,25.52,25.52,3500,24.93
2013-09-25,25.88,25.88,25.52,25.52,700,24.93
2013-09-24,26.16,26.17,26.15,26.15,700,24.95
2013-09-23,26.23,26.23,26.23,26.23,800,25.03
2013-09-20,26.06,26.06,25.99,25.99,6100,24.80
2013-09-19,26.02,26.15,26.02,26.06,1300,24.86
2013-09-18,26.05,26.06,26.05,26.05,600,24.85
2013-09-17,25.92,26.00,25.92,26.00,300,24.81
2013-09-16,26.05,26.05,25.86,25.90,1400,24.71
2013-09-13,26.06,26.06,25.68,25.90,1000,24.71
2013-09-12,25.85,25.85,25.85,25.85,300,24.66
2013-09-11,25.75,25.94,25.68,25.92,5800,24.73
2013-09-10,25.84,25.84,25.84,25.84,000,24.65
2013-09-09,25.90,25.90,25.75,25.84,4600,24.65
2013-09-06,25.90,25.90,25.90,25.90,000,24.71
2013-09-05,25.61,25.90,25.61,25.90,600,24.71
2013-09-04,25.93,25.93,25.92,25.92,2100,24.73
2013-09-03,25.96,25.96,25.95,25.95,1400,24.76
2013-08-30,25.58,25.58,25.58,25.58,000,24.41
2013-08-29,25.62,25.69,25.55,25.58,4400,24.41
2013-08-28,25.70,25.70,25.70,25.70,000,24.52
2013-08-27,25.90,26.09,25.61,25.70,11000,24.52
2013-08-26,25.61,26.50,25.55,25.91,17100,24.72
2013-08-23,25.60,25.85,25.60,25.85,800,24.66
2013-08-22,25.82,25.82,25.82,25.82,000,24.63
2013-08-21,25.79,25.82,25.79,25.82,800,24.63
2013-08-20,25.50,25.78,25.50,25.51,2300,24.34
2013-08-19,25.51,25.84,25.51,25.84,900,24.65
2013-08-16,25.65,25.65,25.65,25.65,100,24.47
2013-08-15,25.80,25.86,25.80,25.86,500,24.67
2013-08-14,25.80,25.87,25.80,25.87,3900,24.68
2013-08-13,25.75,25.90,25.75,25.81,3100,24.62
2013-08-12,25.65,25.73,25.65,25.70,2100,24.52
2013-08-09,25.65,25.65,25.65,25.65,2400,24.47
2013-08-08,25.80,25.80,25.64,25.71,5400,24.53
2013-08-07,25.79,25.80,25.79,25.79,4500,24.61
2013-08-06,25.72,25.75,25.72,25.75,600,24.57
2013-08-05,25.85,25.85,25.75,25.76,1700,24.58
2013-08-02,25.73,25.80,25.70,25.80,1900,24.61
2013-08-01,25.85,25.85,25.61,25.65,1500,24.47
2013-07-31,25.85,25.85,25.75,25.75,2100,24.57
2013-07-30,25.64,25.85,25.64,25.85,2800,24.66
2013-07-29,25.82,25.82,25.78,25.78,700,24.60
2013-07-26,25.61,25.85,25.61,25.81,1900,24.62
2013-07-25,25.68,25.89,25.68,25.89,800,24.70
2013-07-24,25.61,25.61,25.61,25.61,600,24.43
2013-07-23,25.58,25.80,25.58,25.80,1500,24.61
2013-07-22,25.57,25.80,25.57,25.75,2600,24.57
2013-07-19,25.75,25.80,25.75,25.75,2500,24.57
2013-07-18,25.75,25.89,25.60,25.65,3800,24.47
2013-07-17,25.60,25.70,25.56,25.62,6400,24.44
2013-07-16,25.60,25.60,25.54,25.55,3700,24.38
2013-07-15,25.72,25.80,25.55,25.60,10600,24.42
2013-07-12,25.71,25.72,25.71,25.72,900,24.54
2013-07-11,25.66,25.66,25.66,25.66,000,24.48
2013-07-10,25.75,25.75,25.45,25.66,2100,24.48
2013-07-09,25.89,25.90,25.65,25.66,2500,24.48
2013-07-08,25.92,25.95,25.92,25.95,1800,24.76
2013-07-05,25.61,25.61,25.61,25.61,000,24.43
2013-07-03,25.62,25.62,25.61,25.61,800,24.43
2013-07-02,25.97,25.97,25.92,25.95,300,24.76
2013-07-01,25.78,25.99,25.78,25.80,3200,24.61
2013-06-28,25.60,26.00,25.59,25.59,1800,24.41
2013-06-27,26.00,26.45,26.00,26.45,2900,25.24
2013-06-26,26.47,26.47,26.00,26.40,3000,25.19
2013-06-25,26.35,26.60,26.35,26.60,2500,24.80
2013-06-24,26.50,26.51,26.05,26.48,2500,24.69
2013-06-21,26.58,26.58,26.20,26.50,1100,24.70
2013-06-20,26.16,26.38,26.16,26.30,2400,24.52
2013-06-19,26.22,26.39,26.07,26.17,12200,24.40
2013-06-18,26.25,26.30,26.06,26.07,2000,24.30
2013-06-17,26.32,26.45,26.32,26.35,800,24.56
2013-06-14,26.35,26.35,26.35,26.35,600,24.56
2013-06-13,26.03,26.25,26.00,26.06,2000,24.29
2013-06-12,26.12,26.12,26.05,26.05,300,24.28
2013-06-11,26.41,26.41,26.41,26.41,000,24.62
2013-06-10,26.41,26.41,26.41,26.41,400,24.62
2013-06-07,26.46,26.46,26.46,26.46,700,24.67
2013-06-06,26.10,26.10,26.10,26.10,000,24.33
2013-06-05,26.39,26.39,26.10,26.10,2200,24.33
2013-06-04,26.17,26.17,26.17,26.17,100,24.40
2013-06-03,26.01,26.01,26.01,26.01,000,24.25
2013-05-31,26.01,26.01,26.01,26.01,700,24.25
2013-05-30,26.02,26.23,26.01,26.23,1000,24.45
2013-05-29,26.24,26.45,26.02,26.30,2400,24.52
2013-05-28,26.56,26.56,26.53,26.56,1600,24.76
2013-05-24,26.30,26.50,26.30,26.50,1400,24.70
2013-05-23,26.09,26.54,26.09,26.16,2500,24.39
2013-05-22,26.16,26.16,26.16,26.16,000,24.39
2013-05-21,26.16,26.16,26.16,26.16,000,24.39
2013-05-20,26.56,26.56,26.10,26.16,1900,24.39
2013-05-17,26.29,26.50,26.06,26.41,1500,24.62
2013-05-16,26.11,26.11,26.11,26.11,000,24.34
2013-05-15,26.07,26.17,26.07,26.11,300,24.34
2013-05-14,26.30,26.30,26.30,26.30,500,24.52
2013-05-13,26.22,26.30,26.22,26.30,300,24.52
2013-05-10,26.30,26.30,26.30,26.30,1300,24.52
2013-05-09,26.22,26.30,26.22,26.30,1200,24.52
2013-05-08,26.00,26.40,26.00,26.35,4200,24.56
2013-05-07,26.68,26.68,26.68,26.68,300,24.87
2013-05-06,26.60,26.60,26.60,26.60,000,24.80
2013-05-03,26.61,26.61,26.49,26.60,1200,24.80
2013-05-02,26.56,26.56,26.50,26.50,2000,24.70
2013-05-01,26.55,26.65,26.55,26.65,200,24.84
2013-04-30,26.68,26.72,26.42,26.42,1400,24.63
2013-04-29,26.72,26.74,26.36,26.50,3000,24.70
2013-04-26,26.36,26.74,26.06,26.31,6600,24.53
2013-04-25,26.50,26.50,26.40,26.40,500,24.61
2013-04-24,26.28,26.78,26.28,26.59,7000,24.79
2013-04-23,26.46,26.46,26.30,26.30,2400,24.52
2013-04-22,25.94,26.69,25.94,26.19,5900,24.41
2013-04-19,26.15,26.25,26.09,26.09,5000,24.32
2013-04-18,26.15,26.15,26.15,26.15,100,24.38
2013-04-17,25.81,25.88,25.81,25.88,1500,24.13
2013-04-16,26.49,26.49,26.49,26.49,100,24.69
2013-04-15,26.20,26.22,26.00,26.00,2300,24.24
2013-04-12,26.28,26.28,26.01,26.08,2400,24.31
2013-04-11,25.81,26.10,25.80,26.10,3800,24.33
2013-04-10,26.00,26.00,25.78,26.00,4300,24.24
2013-04-09,26.10,26.10,25.77,25.78,3900,24.03
2013-04-08,26.00,26.10,26.00,26.10,1700,24.33
2013-04-05,26.00,26.00,26.00,26.00,400,24.24
2013-04-04,25.82,26.05,25.82,26.05,700,24.28
2013-04-03,25.80,26.00,25.80,26.00,1300,24.24
2013-04-02,26.00,26.00,25.95,26.00,3600,24.24
2013-04-01,26.15,26.15,25.98,26.00,3000,24.24
2013-03-28,25.80,26.09,25.80,26.09,600,24.32
2013-03-27,25.95,26.05,25.80,25.80,4300,24.05
2013-03-26,26.10,26.10,25.79,25.90,6800,24.14
2013-03-25,26.33,26.35,26.07,26.28,2100,23.93
2013-03-22,26.15,26.15,26.15,26.15,600,23.81
2013-03-21,26.29,26.30,26.15,26.15,2300,23.81
2013-03-20,26.30,26.30,26.00,26.00,3100,23.68
2013-03-19,26.29,26.34,26.16,26.30,2200,23.95
2013-03-18,26.23,26.24,26.23,26.24,500,23.89
2013-03-15,26.20,26.20,26.11,26.12,11000,23.79
2013-03-14,26.02,26.20,26.02,26.05,4300,23.72
2013-03-13,26.12,26.13,25.98,25.98,1400,23.66
2013-03-12,26.10,26.10,26.10,26.10,200,23.77
2013-03-11,26.05,26.25,26.05,26.25,2500,23.90
2013-03-08,26.20,26.20,26.15,26.15,300,23.81
2013-03-07,26.05,26.20,26.00,26.20,1400,23.86
2013-03-06,26.05,26.05,26.00,26.00,1000,23.68
2013-03-05,26.02,26.02,26.01,26.01,1000,23.69
2013-03-04,26.00,26.20,26.00,26.20,4100,23.86
2013-03-01,25.95,25.99,25.90,25.96,6200,23.64
2013-02-28,25.90,25.95,25.90,25.95,1000,23.63
2013-02-27,25.85,25.90,25.85,25.90,1400,23.59
2013-02-26,25.86,25.92,25.86,25.92,4400,23.60
2013-02-25,25.94,25.94,25.85,25.85,2900,23.54
2013-02-22,26.00,26.00,25.85,25.85,800,23.54
2013-02-21,25.71,25.94,25.71,25.83,8700,23.52
2013-02-20,25.80,25.84,25.69,25.69,3500,23.39
2013-02-19,25.94,25.94,25.64,25.64,9700,23.35
2013-02-15,25.80,25.80,25.80,25.80,000,23.49
2013-02-14,25.65,25.95,25.65,25.80,5000,23.49
2013-02-13,25.89,25.90,25.72,25.72,4900,23.42
2013-02-12,25.94,25.95,25.94,25.94,400,23.62
2013-02-11,25.80,25.80,25.80,25.80,2200,23.49
2013-02-08,25.75,25.75,25.75,25.75,100,23.45
2013-02-07,25.80,25.80,25.75,25.80,2100,23.49
2013-02-06,25.80,25.80,25.80,25.80,600,23.49
2013-02-05,25.70,25.80,25.69,25.77,1200,23.47
2013-02-04,25.60,25.70,25.60,25.70,2000,23.40
2013-02-01,25.55,25.70,25.55,25.62,2500,23.33
2013-01-31,25.60,25.62,25.51,25.54,3600,23.26
2013-01-30,25.80,25.80,25.78,25.80,1900,23.49
2013-01-29,25.78,25.80,25.78,25.80,2100,23.49
2013-01-28,25.79,25.79,25.75,25.75,1500,23.45
2013-01-25,25.76,25.77,25.75,25.77,800,23.47
2013-01-24,25.61,25.80,25.61,25.80,900,23.49
2013-01-23,25.75,25.77,25.75,25.77,1400,23.47
2013-01-22,25.72,25.75,25.50,25.75,2400,23.45
2013-01-18,25.84,25.85,25.80,25.80,1200,23.49
2013-01-17,25.68,25.70,25.67,25.70,5700,23.40
2013-01-16,25.65,25.65,25.60,25.60,1000,23.31
2013-01-15,25.60,25.65,25.55,25.65,3900,23.36
2013-01-14,25.65,25.65,25.60,25.60,800,23.31
2013-01-11,25.70,25.70,25.65,25.65,1600,23.36
2013-01-10,25.70,25.70,25.65,25.70,2400,23.40
2013-01-09,25.63,25.70,25.63,25.65,1300,23.36
2013-01-08,25.69,25.69,25.53,25.60,1000,23.31
2013-01-07,25.49,25.69,25.47,25.69,14200,23.39
2013-01-04,25.46,25.65,25.45,25.58,1600,23.29
2013-01-03,25.50,25.60,25.50,25.55,9500,23.27
2013-01-02,25.55,25.55,25.40,25.50,5700,23.22
2012-12-31,25.58,25.58,25.50,25.55,2300,23.27
2012-12-28,25.50,25.50,25.50,25.50,000,23.22
2012-12-27,25.50,25.51,25.50,25.50,6800,23.22
2012-12-26,25.62,25.62,25.40,25.50,10200,23.22
2012-12-24,25.86,25.87,25.86,25.87,500,23.00
2012-12-21,25.86,25.87,25.78,25.86,2500,22.99
2012-12-20,25.87,25.87,25.70,25.86,3700,22.99
2012-12-19,25.75,25.87,25.75,25.85,5100,22.99
2012-12-18,25.80,25.80,25.75,25.75,900,22.90
2012-12-17,25.80,25.80,25.62,25.63,3300,22.79
2012-12-14,25.60,25.80,25.60,25.80,2800,22.94
2012-12-13,25.76,25.76,25.53,25.53,7200,22.70
2012-12-12,25.81,25.81,25.81,25.81,900,22.95
2012-12-11,25.75,25.77,25.75,25.77,600,22.91
2012-12-10,25.64,25.81,25.64,25.65,4500,22.81
2012-12-07,25.80,25.80,25.75,25.79,1600,22.93
2012-12-06,25.80,25.80,25.70,25.79,2500,22.93
2012-12-05,25.62,25.75,25.58,25.74,7900,22.89
2012-12-04,25.78,25.79,25.62,25.62,3400,22.78
2012-12-03,25.80,25.80,25.65,25.65,700,22.81
2012-11-30,25.50,25.68,25.50,25.52,2900,22.69
2012-11-29,25.48,25.70,25.48,25.70,1100,22.85
2012-11-28,25.70,25.70,25.42,25.47,5500,22.65
2012-11-27,25.66,25.70,25.42,25.70,5000,22.85
2012-11-26,25.80,25.80,25.31,25.65,7600,22.81
2012-11-23,25.46,25.58,25.41,25.47,3000,22.65
2012-11-21,25.56,25.80,25.35,25.35,2500,22.54
2012-11-20,25.84,25.84,25.50,25.81,1600,22.95
2012-11-19,25.62,25.62,25.62,25.62,100,22.78
2012-11-16,25.30,25.51,25.30,25.51,2600,22.68
2012-11-15,25.25,25.35,25.25,25.35,4300,22.54
2012-11-14,25.50,25.50,25.25,25.33,11900,22.52
2012-11-13,25.37,25.55,25.30,25.54,5800,22.71
2012-11-12,25.42,25.42,25.40,25.40,1100,22.59
2012-11-09,25.60,25.70,25.25,25.38,9700,22.57
2012-11-08,25.50,25.69,25.50,25.58,2100,22.75
2012-11-07,25.61,25.89,25.58,25.58,800,22.75
2012-11-06,25.51,25.87,25.50,25.76,2400,22.91
2012-11-05,25.50,25.50,25.50,25.50,200,22.67
2012-11-02,25.55,25.91,25.50,25.87,3000,23.00
2012-11-01,25.65,25.65,25.65,25.65,300,22.81
2012-10-31,25.55,25.55,25.55,25.55,900,22.72
2012-10-26,25.55,25.65,25.49,25.65,4800,22.81
2012-10-25,25.49,25.65,25.49,25.65,2500,22.81
2012-10-24,25.71,25.71,25.71,25.71,000,22.86
2012-10-23,25.71,25.72,25.71,25.71,800,22.86
2012-10-22,25.55,25.89,25.55,25.89,2500,23.02
2012-10-19,25.49,25.49,25.49,25.49,300,22.67
2012-10-18,25.30,25.59,25.30,25.35,4200,22.54
2012-10-17,25.41,25.64,25.41,25.42,3300,22.60
2012-10-16,25.50,25.50,25.31,25.34,900,22.53
2012-10-15,25.48,25.50,25.40,25.40,5800,22.59
2012-10-12,25.70,25.70,25.20,25.54,52700,22.71
2012-10-11,25.63,25.63,25.63,25.63,000,22.79
2012-10-10,25.63,25.63,25.63,25.63,100,22.79
2012-10-09,25.65,25.68,25.60,25.60,2800,22.76
2012-10-08,25.75,25.75,25.68,25.68,1600,22.83
2012-10-05,25.75,25.80,25.75,25.80,300,22.94
2012-10-04,25.45,25.75,25.44,25.75,3000,22.90
2012-10-03,25.44,25.50,25.37,25.37,1900,22.56
2012-10-02,25.60,25.60,25.60,25.60,000,22.76
2012-10-01,25.65,25.65,25.60,25.60,1400,22.76
2012-09-28,25.65,25.70,25.65,25.65,2100,22.81
2012-09-27,25.57,25.69,25.55,25.60,2600,22.76
2012-09-26,25.39,25.60,25.25,25.50,2200,22.67
2012-09-25,26.00,26.02,25.80,25.85,6800,22.44
2012-09-24,26.00,26.25,25.75,25.89,6200,22.48
2012-09-21,26.24,26.24,26.24,26.24,000,22.78
2012-09-20,26.24,26.24,26.24,26.24,100,22.78
2012-09-19,26.25,26.25,26.25,26.25,100,22.79
2012-09-18,26.20,26.25,26.19,26.25,2400,22.79
2012-09-17,26.30,26.30,26.25,26.25,200,22.79
2012-09-14,26.24,26.45,25.95,26.10,2900,22.66
2012-09-13,26.25,26.25,26.25,26.25,000,22.79
2012-09-12,26.08,26.25,26.08,26.25,3300,22.79
2012-09-11,26.06,26.08,26.06,26.08,2100,22.64
2012-09-10,26.08,26.08,26.08,26.08,300,22.64
2012-09-07,25.90,25.90,25.90,25.90,200,22.49
2012-09-06,26.00,26.02,25.90,25.90,6100,22.49
2012-09-05,25.93,25.93,25.93,25.93,100,22.51
2012-09-04,25.95,25.95,25.76,25.80,2500,22.40
2012-08-31,25.75,25.75,25.69,25.75,2100,22.36
2012-08-30,25.75,25.75,25.73,25.74,1500,22.35
2012-08-29,25.75,25.75,25.75,25.75,800,22.36
2012-08-28,25.63,25.79,25.50,25.52,2400,22.16
2012-08-27,25.66,25.70,25.63,25.63,1300,22.25
2012-08-24,25.55,25.70,25.43,25.70,5000,22.31
2012-08-23,25.65,25.65,25.60,25.60,23000,22.23
2012-08-22,25.65,25.66,25.65,25.66,300,22.28
2012-08-21,25.65,25.66,25.65,25.65,1400,22.27
2012-08-20,25.60,25.60,25.60,25.60,000,22.23
2012-08-17,25.53,25.60,25.52,25.60,1900,22.23
2012-08-16,25.80,25.80,25.80,25.80,000,22.40
2012-08-15,25.80,25.80,25.80,25.80,000,22.40
2012-08-14,25.75,25.80,25.75,25.80,1100,22.40
2012-08-13,25.80,25.80,25.78,25.80,900,22.40
2012-08-10,25.77,25.77,25.60,25.67,1400,22.29
2012-08-09,25.77,25.77,25.77,25.77,500,22.37
2012-08-08,25.60,25.80,25.60,25.80,500,22.40
2012-08-07,25.80,25.80,25.77,25.77,200,22.37
2012-08-06,25.87,25.97,25.87,25.96,700,22.54
2012-08-03,25.55,25.57,25.55,25.55,8500,22.18
2012-08-02,25.55,25.56,25.55,25.55,7900,22.18
2012-08-01,25.53,25.53,25.53,25.53,000,22.17
2012-07-31,25.50,25.55,25.50,25.53,2100,22.17
2012-07-30,25.67,25.81,25.51,25.81,1400,22.41
2012-07-27,25.85,25.85,25.70,25.81,3200,22.41
2012-07-26,25.57,25.82,25.55,25.82,700,22.42
2012-07-25,25.56,25.56,25.56,25.56,1000,22.19
2012-07-24,25.65,25.78,25.64,25.76,2500,22.37
2012-07-23,25.74,25.78,25.65,25.65,1600,22.27
2012-07-20,25.77,25.77,25.74,25.75,1000,22.36
2012-07-19,26.00,26.00,25.60,26.00,2100,22.57
2012-07-18,25.75,25.88,25.66,25.66,4600,22.28
2012-07-17,25.50,25.50,25.50,25.50,000,22.14
2012-07-16,25.50,25.50,25.50,25.50,2500,22.14
2012-07-13,25.49,25.49,25.49,25.49,100,22.13
2012-07-12,25.48,25.49,25.47,25.49,2100,22.13
2012-07-11,25.48,25.48,25.48,25.48,000,22.12
2012-07-10,25.48,25.48,25.46,25.48,400,22.12
2012-07-09,25.25,25.45,25.25,25.45,400,22.10
2012-07-06,24.95,25.25,24.95,25.25,3000,21.92
2012-07-05,25.23,25.23,25.11,25.11,4700,21.80
2012-07-03,25.22,25.34,25.22,25.22,3600,21.90
2012-07-02,25.42,25.45,25.22,25.22,3600,21.90
2012-06-29,25.26,25.50,25.15,25.50,900,22.14
2012-06-28,25.20,25.25,25.20,25.25,1400,21.92
2012-06-27,25.13,25.38,25.13,25.38,1500,22.04
2012-06-26,25.85,25.86,25.35,25.35,3600,21.48
2012-06-25,27.05,27.05,25.99,26.00,4000,22.03
2012-06-22,25.88,25.95,25.85,25.88,2100,21.93
2012-06-21,25.60,25.70,25.59,25.68,2700,21.76
2012-06-20,25.86,25.88,25.55,25.58,2300,21.68
2012-06-19,25.88,25.88,25.55,25.55,500,21.65
2012-06-18,25.35,25.35,25.35,25.35,000,21.48
2012-06-15,25.35,25.35,25.35,25.35,800,21.48
2012-06-14,25.62,25.64,25.20,25.35,10900,21.48
2012-06-13,25.13,25.25,25.13,25.25,500,21.40
2012-06-12,25.35,25.35,25.25,25.25,400,21.40
2012-06-11,25.64,25.64,25.25,25.26,1900,21.40
2012-06-08,25.35,25.35,25.31,25.35,1000,21.48
2012-06-07,25.64,25.64,25.31,25.35,7000,21.48
2012-06-06,25.23,25.59,25.05,25.50,11000,21.61
2012-06-05,25.16,25.23,25.15,25.23,6000,21.38
2012-06-04,25.12,25.12,25.05,25.05,2600,21.23
2012-06-01,25.20,25.32,25.20,25.25,2200,21.40
2012-05-31,25.30,25.31,25.11,25.20,2500,21.35
2012-05-30,25.09,25.30,25.05,25.30,2500,21.44
2012-05-29,25.20,25.21,25.20,25.20,1300,21.35
2012-05-25,25.25,25.25,25.25,25.25,000,21.40
2012-05-24,25.56,25.56,25.08,25.25,2900,21.40
2012-05-23,25.38,25.58,25.06,25.06,1600,21.24
2012-05-22,25.25,25.25,25.05,25.10,1000,21.27
2012-05-21,25.25,25.25,25.09,25.25,7700,21.40
2012-05-18,25.11,25.25,25.05,25.25,1000,21.40
2012-05-17,25.07,25.15,25.05,25.05,3000,21.23
2012-05-16,25.05,25.12,25.05,25.10,1100,21.27
2012-05-15,25.11,25.11,25.11,25.11,1300,21.28
2012-05-14,25.48,25.48,25.05,25.10,2300,21.27
2012-05-11,25.31,25.33,25.10,25.10,1200,21.27
2012-05-10,25.05,25.05,25.05,25.05,000,21.23
2012-05-09,25.16,25.48,25.05,25.05,3700,21.23
2012-05-08,25.15,25.41,25.15,25.15,1200,21.31
2012-05-07,25.38,25.38,25.22,25.22,300,21.37
2012-05-04,25.50,25.50,25.11,25.38,1000,21.51
2012-05-03,25.30,25.30,25.30,25.30,000,21.44
2012-05-02,25.30,25.30,25.30,25.30,000,21.44
2012-05-01,25.55,25.55,25.30,25.30,1000,21.44
2012-04-30,25.48,25.55,25.48,25.55,400,21.65
2012-04-27,25.30,25.31,25.29,25.31,700,21.45
2012-04-26,25.11,25.25,25.11,25.25,700,21.40
2012-04-25,25.25,25.30,25.25,25.28,1300,21.42
2012-04-24,25.10,25.11,25.10,25.11,1200,21.28
2012-04-23,25.15,25.24,25.10,25.15,5600,21.31
2012-04-20,25.25,25.32,25.15,25.15,3200,21.31
2012-04-19,25.24,25.26,25.24,25.25,4000,21.40
2012-04-18,25.09,25.09,25.03,25.03,2000,21.21
2012-04-17,25.01,25.15,25.01,25.05,1100,21.23
2012-04-16,25.05,25.05,25.05,25.05,1000,21.23
2012-04-13,25.05,25.05,25.01,25.01,1600,21.19
2012-04-12,25.05,25.10,25.05,25.10,1700,21.27
2012-04-11,25.20,25.20,25.01,25.03,4200,21.21
2012-04-10,25.00,25.27,25.00,25.02,3600,21.20
2012-04-09,25.25,25.25,25.25,25.25,1200,21.40
2012-04-05,25.28,25.36,25.28,25.36,1500,21.49
2012-04-04,25.24,25.35,25.24,25.25,900,21.40
2012-04-03,25.40,25.40,25.11,25.37,800,21.50
2012-04-02,25.40,25.40,25.40,25.40,800,21.52
2012-03-30,25.42,25.42,25.42,25.42,100,21.54
2012-03-29,25.12,25.40,25.12,25.38,1500,21.51
2012-03-28,25.67,25.67,25.67,25.67,000,21.75
2012-03-27,25.65,25.72,25.64,25.67,2300,21.24
2012-03-26,25.40,25.75,25.40,25.72,4800,21.28
2012-03-23,25.49,25.49,25.32,25.32,1600,20.95
2012-03-22,25.77,25.77,25.75,25.75,700,21.30
2012-03-21,25.85,25.85,25.85,25.85,200,21.39
2012-03-20,25.75,25.85,25.52,25.52,2000,21.11
2012-03-19,25.69,25.85,25.69,25.85,600,21.39
2012-03-16,25.60,25.60,25.40,25.42,1700,21.03
2012-03-15,25.75,25.99,25.75,25.99,300,21.50
2012-03-14,25.45,25.75,25.45,25.45,2300,21.05
2012-03-13,25.40,25.40,25.26,25.40,1800,21.01
2012-03-12,25.45,25.45,25.45,25.45,000,21.05
2012-03-09,25.45,25.45,25.40,25.45,300,21.05
2012-03-08,25.45,25.45,25.20,25.32,7200,20.95
2012-03-07,25.30,25.30,25.30,25.30,000,20.93
2012-03-06,25.15,25.30,25.15,25.30,700,20.93
2012-03-05,25.02,25.02,25.02,25.02,000,20.70
2012-03-02,25.37,25.37,25.02,25.02,800,20.70
2012-03-01,25.25,25.25,25.05,25.05,4900,20.72
2012-02-29,24.98,24.98,24.98,24.98,2000,20.67
2012-02-28,25.25,25.25,24.81,24.95,3800,20.64
2012-02-27,25.00,25.15,24.98,25.15,400,20.81
2012-02-24,25.00,25.00,25.00,25.00,900,20.68
2012-02-23,24.90,25.05,24.85,25.00,9100,20.68
2012-02-22,24.94,24.94,24.90,24.90,1900,20.60
2012-02-21,24.95,24.95,24.89,24.94,4700,20.63
2012-02-17,24.88,24.90,24.88,24.90,700,20.60
2012-02-16,24.80,24.90,24.80,24.90,4700,20.60
2012-02-15,24.75,24.78,24.70,24.78,2700,20.50
2012-02-14,24.73,24.80,24.73,24.75,2300,20.48
2012-02-13,24.87,24.87,24.75,24.82,3200,20.53
2012-02-10,24.50,24.60,24.50,24.60,400,20.35
2012-02-09,24.70,24.80,24.69,24.69,6300,20.43
2012-02-08,24.55,24.80,24.55,24.70,3100,20.43
2012-02-07,24.40,24.54,24.40,24.50,1400,20.27
2012-02-06,24.69,24.70,24.35,24.35,1400,20.14
2012-02-03,24.65,24.70,24.40,24.70,2700,20.43
2012-02-02,24.55,24.68,24.50,24.64,1700,20.38
2012-02-01,24.50,24.50,24.30,24.34,5400,20.14
2012-01-31,24.52,24.52,24.38,24.40,4800,20.19
2012-01-30,24.38,24.51,24.38,24.50,1400,20.27
2012-01-27,24.30,24.71,24.30,24.64,1800,20.38
2012-01-26,24.77,24.77,24.25,24.35,6600,20.14
2012-01-25,23.95,24.80,23.95,24.40,25000,20.19
2012-01-24,23.16,23.55,23.16,23.54,16800,19.47
2012-01-23,23.35,23.35,23.20,23.35,11800,19.32
2012-01-20,23.15,23.39,23.15,23.16,4600,19.16
2012-01-19,23.15,23.15,23.15,23.15,600,19.15
2012-01-18,23.00,23.00,23.00,23.00,500,19.03
2012-01-17,23.05,23.35,23.00,23.00,4200,19.03
2012-01-13,23.32,23.50,23.00,23.05,2800,19.07
2012-01-12,23.25,23.37,23.00,23.00,1300,19.03
2012-01-11,22.80,23.41,22.72,23.41,1100,19.37
2012-01-10,22.99,22.99,22.99,22.99,000,19.02
2012-01-09,22.98,22.99,22.95,22.99,1600,19.02
2012-01-06,22.26,23.19,22.26,22.51,2900,18.62
2012-01-05,22.93,22.93,22.48,22.75,7000,18.82
2012-01-04,23.04,23.25,22.92,22.95,2800,18.99
2012-01-03,23.25,23.25,22.80,22.86,900,18.91
2011-12-30,23.24,23.24,22.90,23.00,1700,19.03
2011-12-29,23.07,23.10,22.89,23.00,6000,19.03
2011-12-28,23.27,23.28,23.05,23.05,400,19.07
2011-12-27,23.07,23.07,23.07,23.07,000,19.09
2011-12-23,23.01,23.32,23.01,23.07,2600,18.58
2011-12-22,23.05,23.11,23.01,23.01,4700,18.53
2011-12-21,22.97,23.05,22.95,23.00,17200,18.53
2011-12-20,23.02,23.06,22.93,22.95,14700,18.48
2011-12-19,22.95,23.11,22.94,22.97,10100,18.50
2011-12-16,22.78,22.80,22.76,22.80,2400,18.36
2011-12-15,22.82,22.82,22.82,22.82,200,18.38
2011-12-14,23.00,23.00,23.00,23.00,1500,18.53
2011-12-13,22.98,23.02,22.98,23.00,3300,18.53
2011-12-12,22.96,23.37,22.95,23.00,4100,18.53
2011-12-09,22.97,23.12,22.95,23.00,10600,18.53
2011-12-08,23.07,23.07,23.07,23.07,700,18.58
2011-12-07,22.85,22.99,22.75,22.90,4100,18.44
2011-12-06,23.01,23.03,22.85,22.85,5300,18.40
2011-12-05,23.06,23.07,22.90,23.01,7000,18.53
2011-12-02,23.08,23.08,22.99,23.00,6000,18.53
2011-12-01,23.22,23.22,22.99,22.99,4400,18.52
2011-11-30,23.26,23.44,23.00,23.01,7900,18.53
2011-11-29,23.16,23.28,23.16,23.28,1800,18.75
2011-11-28,23.50,23.50,23.35,23.35,900,18.81
2011-11-25,23.16,23.16,23.16,23.16,000,18.65
2011-11-23,23.26,23.48,23.16,23.16,2800,18.65
2011-11-22,23.48,23.55,23.40,23.40,3500,18.85
2011-11-21,23.00,23.55,23.00,23.43,6700,18.87
2011-11-18,23.39,23.40,23.13,23.13,700,18.63
2011-11-17,23.40,23.40,23.00,23.00,600,18.53
2011-11-16,23.30,23.45,23.30,23.40,1500,18.85
2011-11-15,23.21,23.30,23.20,23.28,3100,18.75
2011-11-14,23.23,23.25,23.00,23.25,2500,18.73
2011-11-11,23.20,23.20,23.00,23.00,2200,18.53
2011-11-10,23.20,23.20,23.05,23.11,1800,18.61
2011-11-09,22.85,23.10,22.85,22.85,7700,18.40
2011-11-08,23.15,23.15,22.98,23.15,1800,18.65
2011-11-07,22.98,23.05,22.80,23.05,4600,18.57
2011-11-04,22.83,22.83,22.81,22.81,600,18.37
2011-11-03,22.85,22.90,22.75,22.90,4500,18.44
2011-11-02,22.96,23.25,22.84,22.95,6300,18.48
2011-11-01,22.95,22.95,22.95,22.95,100,18.48
2011-10-31,22.95,22.95,22.95,22.95,900,18.48
2011-10-28,23.34,23.34,23.34,23.34,100,18.80
2011-10-27,23.87,23.87,23.25,23.75,1100,19.13
2011-10-26,23.09,23.48,23.09,23.47,8100,18.90
2011-10-25,23.10,23.11,22.85,22.94,4700,18.48
2011-10-24,22.87,23.38,22.82,23.10,6400,18.61
2011-10-21,22.55,23.00,22.31,23.00,6300,18.53
2011-10-20,20.50,22.75,20.00,22.67,18200,18.26
2011-10-19,20.00,20.00,19.50,19.60,2500,15.79
2011-10-18,20.00,20.10,19.95,19.95,2700,16.07
2011-10-17,19.97,20.00,19.97,20.00,300,16.11
2011-10-14,19.76,19.76,19.50,19.50,300,15.71
2011-10-13,19.50,19.50,19.50,19.50,300,15.71
2011-10-12,19.44,19.70,19.40,19.70,1200,15.87
2011-10-11,18.92,19.49,18.91,19.49,2800,15.70
2011-10-10,18.79,19.30,18.25,18.32,1500,14.76
2011-10-07,18.25,18.41,18.00,18.41,800,14.83
2011-10-06,18.96,18.96,18.96,18.96,000,15.27
2011-10-05,18.96,18.96,18.96,18.96,100,15.27
2011-10-04,18.70,18.70,17.78,17.78,2800,14.32
2011-10-03,19.69,19.69,18.50,18.70,3800,15.06
2011-09-30,19.75,19.75,19.75,19.75,1000,15.91
2011-09-29,19.50,20.00,19.50,20.00,2400,16.11
2011-09-28,19.65,19.85,19.50,19.50,7900,15.71
2011-09-27,20.26,20.28,20.25,20.25,2200,16.31
2011-09-26,20.93,20.93,20.25,20.26,5800,15.83
2011-09-23,20.19,20.19,20.19,20.19,000,15.77
2011-09-22,20.75,20.75,20.15,20.19,500,15.77
2011-09-21,20.98,21.00,20.75,20.75,300,16.21
2011-09-20,20.15,20.50,20.15,20.50,2200,16.02
2011-09-19,19.68,20.01,19.65,20.01,2500,15.63
2011-09-16,20.49,20.49,19.65,20.00,1500,15.62
2011-09-15,20.49,20.49,20.49,20.49,400,16.01
2011-09-14,19.90,20.20,19.90,20.20,2500,15.78
2011-09-13,19.90,19.91,19.90,19.90,1500,15.55
2011-09-12,20.01,20.16,19.50,19.85,3300,15.51
2011-09-09,20.56,20.56,20.06,20.56,600,16.06
2011-09-08,20.65,21.00,20.13,20.13,1400,15.73
2011-09-07,20.44,21.99,20.15,20.15,5700,15.74
2011-09-06,19.70,20.45,19.70,20.44,2200,15.97
2011-09-02,19.52,20.12,19.52,20.12,2400,15.72
2011-09-01,19.75,20.25,19.45,20.24,3000,15.81
2011-08-31,19.75,19.75,19.75,19.75,600,15.43
2011-08-30,19.75,19.75,19.50,19.74,800,15.42
2011-08-29,18.97,19.50,18.97,19.50,3200,15.23
2011-08-26,18.56,18.75,18.55,18.65,1400,14.57
2011-08-25,18.89,19.36,18.49,18.50,12400,14.45
2011-08-24,19.02,19.06,18.50,18.91,7400,14.77
2011-08-23,19.52,19.84,18.39,19.18,7100,14.98
2011-08-22,20.02,20.02,20.00,20.00,1000,15.62
2011-08-19,20.00,20.00,20.00,20.00,3200,15.62
2011-08-18,20.00,20.03,20.00,20.01,2700,15.63
2011-08-17,20.01,20.01,20.01,20.01,1700,15.63
2011-08-16,19.57,20.85,19.55,20.50,3600,16.02
2011-08-15,20.75,20.77,20.00,20.77,3000,16.23
2011-08-12,20.75,20.75,20.75,20.75,000,16.21
2011-08-11,20.00,21.00,19.60,20.75,4300,16.21
2011-08-10,21.09,21.09,21.09,21.09,3000,16.48
2011-08-09,19.81,20.00,19.47,19.50,12000,15.23
2011-08-08,20.30,20.33,18.25,20.30,9700,15.86
2011-08-05,20.55,20.55,20.55,20.55,500,16.05
2011-08-04,20.70,21.08,20.30,20.30,2100,15.86
2011-08-03,21.46,21.46,20.88,21.09,2200,16.48
2011-08-02,21.70,21.70,21.70,21.70,1700,16.95
2011-08-01,21.93,21.95,21.51,21.55,1300,16.84
2011-07-29,21.71,21.99,21.65,21.65,6500,16.91
2011-07-28,21.75,21.99,21.74,21.98,1300,17.17
2011-07-27,21.75,21.75,21.60,21.74,10400,16.98
2011-07-26,21.00,21.75,21.00,21.75,10800,16.99
2011-07-25,21.99,22.20,21.08,21.75,7800,16.99
2011-07-22,21.18,22.00,21.18,21.85,6300,17.07
2011-07-21,20.15,22.68,20.15,21.00,5600,16.41
2011-07-20,19.30,20.50,19.26,20.50,18900,16.02
2011-07-19,19.79,20.26,19.50,20.00,11000,15.62
2011-07-18,19.25,20.24,19.25,19.80,13600,15.47
2011-07-15,20.48,22.00,19.98,20.39,9800,15.93
2011-07-14,20.68,20.80,20.18,20.24,13200,15.81
2011-07-13,21.00,21.02,20.07,20.86,25600,16.30
2011-07-12,21.37,21.50,21.21,21.39,6800,16.71
2011-07-11,21.24,21.35,21.24,21.25,1900,16.60
2011-07-08,21.65,21.65,21.21,21.21,3000,16.57
2011-07-07,21.01,22.18,21.01,21.55,22600,16.84
2011-07-06,21.70,21.70,21.01,21.27,10000,16.62
2011-07-05,21.87,21.87,21.66,21.87,2900,17.09
2011-07-01,21.91,21.91,21.75,21.75,4400,16.99
2011-06-30,22.00,22.00,21.61,21.84,11000,17.06
2011-06-29,22.45,22.45,22.00,22.02,7500,17.20
2011-06-28,22.26,22.70,22.26,22.67,1300,17.71
2011-06-27,23.20,23.20,22.75,22.75,4200,17.77
2011-06-24,23.71,23.71,23.36,23.39,3200,17.80
2011-06-23,23.43,23.43,23.39,23.39,800,17.80
2011-06-22,23.10,23.50,23.09,23.22,10400,17.67
2011-06-21,23.10,23.19,23.00,23.14,10500,17.61
2011-06-20,23.09,23.25,22.80,23.09,13500,17.57
2011-06-17,23.00,23.12,22.99,23.09,6600,17.57
2011-06-16,22.95,23.41,22.75,22.76,1000,17.32
2011-06-15,22.06,23.13,22.06,23.05,15300,17.54
2011-06-14,22.09,22.44,21.61,22.44,14500,17.07
2011-06-13,23.80,23.94,21.56,22.00,72500,16.74
2011-06-10,24.19,24.25,23.75,23.79,7400,18.10
2011-06-09,24.10,24.24,24.10,24.19,5000,18.41
2011-06-08,24.28,24.30,24.15,24.15,5600,18.38
2011-06-07,24.65,24.65,24.28,24.61,8600,18.73
2011-06-06,24.28,24.60,24.28,24.60,1100,18.72
2011-06-03,24.37,24.49,24.35,24.47,1800,18.62
2011-06-02,24.64,24.65,24.49,24.65,1600,18.76
2011-06-01,24.37,24.60,24.36,24.43,6500,18.59
2011-05-31,24.48,24.66,24.45,24.45,45200,18.60
2011-05-27,24.73,24.73,23.89,24.33,16100,18.51
2011-05-26,24.75,24.75,24.75,24.75,400,18.83
2011-05-25,24.80,24.80,24.75,24.75,2200,18.83
2011-05-24,24.85,24.85,24.81,24.81,2100,18.88
2011-05-23,24.80,24.89,24.75,24.75,19500,18.83
2011-05-20,24.80,24.81,24.78,24.80,6300,18.87
2011-05-19,24.80,24.80,24.77,24.77,5100,18.85
2011-05-18,24.79,24.90,24.79,24.79,2000,18.86
2011-05-17,24.89,24.90,24.82,24.85,2400,18.91
2011-05-16,24.90,24.95,24.89,24.89,5400,18.94
2011-05-13,24.85,24.85,24.71,24.85,1500,18.91
2011-05-12,24.80,24.85,24.80,24.80,10300,18.87
2011-05-11,24.80,24.81,24.75,24.75,5600,18.83
2011-05-10,24.98,24.98,24.75,24.80,4200,18.87
2011-05-09,25.00,25.09,24.75,24.75,6500,18.83
2011-05-06,24.96,24.96,24.90,24.90,2800,18.95
2011-05-05,25.38,25.40,25.00,25.00,700,19.02
2011-05-04,25.11,25.11,24.96,25.09,3200,19.09
2011-05-03,25.11,25.11,25.11,25.11,800,19.11
2011-05-02,25.40,25.40,25.01,25.11,1400,19.11
2011-04-29,25.25,25.40,24.96,25.15,11000,19.14
2011-04-28,24.77,25.25,24.55,25.25,19000,19.21
2011-04-27,24.70,24.77,24.70,24.77,3900,18.85
2011-04-26,24.81,24.84,24.75,24.75,2800,18.83
2011-04-25,24.80,24.95,24.80,24.80,1300,18.87
2011-04-21,24.85,25.29,24.79,24.80,15400,18.87
2011-04-20,24.90,24.91,24.72,24.91,2500,18.95
2011-04-19,24.90,24.90,24.89,24.90,2300,18.95
2011-04-18,24.80,24.80,24.80,24.80,000,18.87
2011-04-15,24.95,24.95,24.70,24.80,3100,18.87
2011-04-14,25.00,25.00,24.77,24.77,1100,18.85
2011-04-13,24.80,24.80,24.65,24.65,1000,18.76
2011-04-12,24.77,24.95,24.75,24.80,4900,18.87
2011-04-11,24.88,24.99,24.77,24.99,600,19.01
2011-04-08,24.90,25.00,24.90,25.00,900,19.02
2011-04-07,25.00,25.00,25.00,25.00,000,19.02
2011-04-06,25.00,25.00,25.00,25.00,400,19.02
2011-04-05,24.90,25.00,24.87,24.87,3900,18.92
2011-04-04,25.00,25.00,25.00,25.00,600,19.02
2011-04-01,24.91,25.00,24.91,25.00,5700,19.02
2011-03-31,24.95,25.00,24.95,25.00,3600,19.02
2011-03-30,24.97,25.00,24.97,24.99,2700,19.01
2011-03-29,25.01,25.01,25.00,25.00,400,19.02
2011-03-28,25.02,25.20,25.00,25.00,3800,19.02
2011-03-25,25.28,25.30,25.28,25.30,1200,18.79
2011-03-24,25.25,25.25,25.15,25.25,1100,18.75
2011-03-23,25.26,25.27,25.25,25.25,600,18.75
2011-03-22,25.05,25.27,25.05,25.27,1100,18.76
2011-03-21,25.06,25.28,24.84,25.28,6400,18.77
2011-03-18,25.06,25.06,25.06,25.06,000,18.61
2011-03-17,25.05,25.06,25.05,25.06,200,18.61
2011-03-16,25.01,25.01,25.01,25.01,000,18.57
2011-03-15,25.30,25.30,25.01,25.01,4600,18.57
2011-03-14,25.25,25.30,25.15,25.15,600,18.68
2011-03-11,25.24,25.25,25.20,25.20,400,18.71
2011-03-10,25.01,25.03,25.00,25.00,2400,18.56
2011-03-09,25.03,25.03,25.01,25.01,1000,18.57
2011-03-08,24.99,24.99,24.99,24.99,000,18.56
2011-03-07,25.20,25.20,24.99,24.99,1500,18.56
2011-03-04,25.00,25.00,25.00,25.00,000,18.56
2011-03-03,25.05,25.08,25.00,25.00,1300,18.56
2011-03-02,25.05,25.20,25.00,25.20,1600,18.71
2011-03-01,24.86,25.10,24.86,24.91,2900,18.50
2011-02-28,25.00,25.00,24.85,25.00,6100,18.56
2011-02-25,25.05,25.05,25.00,25.00,4700,18.56
2011-02-24,24.97,24.97,24.97,24.97,200,18.54
2011-02-23,25.00,25.05,24.92,24.92,800,18.50
2011-02-22,24.85,24.85,24.85,24.85,400,18.45
2011-02-18,25.00,25.00,25.00,25.00,000,18.56
2011-02-17,24.86,25.00,24.86,25.00,600,18.56
2011-02-16,25.00,25.00,25.00,25.00,300,18.56
2011-02-15,25.00,25.00,24.76,25.00,1700,18.56
2011-02-14,24.80,25.00,24.79,25.00,3700,18.56
2011-02-11,24.80,24.99,24.75,24.80,3400,18.42
2011-02-10,24.97,24.97,24.75,24.75,1500,18.38
2011-02-09,24.95,25.00,24.80,24.80,9700,18.42
2011-02-08,25.00,25.05,24.94,24.94,1700,18.52
2011-02-07,25.05,25.05,24.93,24.95,2600,18.53
2011-02-04,25.04,25.05,25.04,25.05,2500,18.60
2011-02-03,25.05,25.06,24.96,25.06,3200,18.61
2011-02-02,25.00,25.00,24.95,24.95,1900,18.53
2011-02-01,25.04,25.05,24.95,25.00,8100,18.56
2011-01-31,24.91,25.00,24.90,25.00,900,18.56
2011-01-28,25.06,25.06,24.87,24.91,12500,18.50
2011-01-27,25.06,25.06,25.06,25.06,2300,18.61
2011-01-26,25.00,25.17,25.00,25.17,800,18.69
2011-01-25,25.00,25.00,25.00,25.00,900,18.56
2011-01-24,25.01,25.01,24.99,25.00,2600,18.56
2011-01-21,25.00,25.00,25.00,25.00,400,18.56
2011-01-20,25.00,25.00,25.00,25.00,000,18.56
2011-01-19,25.00,25.00,25.00,25.00,000,18.56
2011-01-18,25.19,25.19,25.00,25.00,500,18.56
2011-01-14,25.00,25.05,25.00,25.01,1400,18.57
2011-01-13,25.04,25.18,25.04,25.18,1300,18.70
2011-01-12,25.00,25.00,25.00,25.00,800,18.56
2011-01-11,25.00,25.12,25.00,25.00,6400,18.56
2011-01-10,25.00,25.00,24.80,24.80,700,18.42
2011-01-07,24.99,24.99,24.99,24.99,1800,18.56
2011-01-06,24.99,24.99,24.99,24.99,200,18.56
2011-01-05,25.00,25.00,24.97,24.97,1100,18.54
2011-01-04,25.00,25.00,25.00,25.00,300,18.56
2011-01-03,25.25,25.25,25.25,25.25,300,18.75
2010-12-31,24.75,25.26,24.75,25.26,700,18.76
2010-12-30,24.76,24.76,24.76,24.76,100,18.39
2010-12-29,24.99,24.99,24.99,24.99,300,18.56
2010-12-28,25.00,25.00,24.69,24.69,1600,18.33
2010-12-27,25.10,25.10,25.10,25.10,100,18.19
2010-12-23,25.01,25.10,25.01,25.10,1100,18.19
2010-12-22,25.27,25.27,24.72,25.00,2700,18.11
2010-12-21,25.02,25.02,25.02,25.02,000,18.13
2010-12-20,25.02,25.02,25.02,25.02,2000,18.13
2010-12-17,25.40,25.40,25.30,25.30,800,18.33
2010-12-16,25.01,25.01,25.01,25.01,300,18.12
2010-12-15,24.90,25.30,24.80,24.80,1900,17.97
2010-12-14,24.99,24.99,24.66,24.90,1800,18.04
2010-12-13,25.45,25.47,24.63,24.71,3400,17.90
2010-12-10,24.79,25.15,24.62,24.70,2900,17.90
2010-12-09,25.14,25.15,24.62,24.80,7100,17.97
2010-12-08,25.05,25.15,25.05,25.15,3300,18.22
2010-12-07,25.05,25.05,24.95,25.04,1400,18.14
2010-12-06,24.94,25.05,24.93,25.05,1300,18.15
2010-12-03,24.90,25.05,24.50,24.90,14500,18.04
2010-12-02,25.00,25.00,24.90,24.90,800,18.04
2010-12-01,24.83,25.05,24.83,24.85,5500,18.01
2010-11-30,25.00,25.00,24.65,24.66,2100,17.87
2010-11-29,24.87,24.87,24.87,24.87,200,18.02
2010-11-26,25.04,25.04,25.04,25.04,000,18.14
2010-11-24,25.25,25.25,24.76,25.04,1200,18.14
2010-11-23,24.76,24.76,24.76,24.76,000,17.94
2010-11-22,25.30,25.30,24.76,24.76,4500,17.94
2010-11-19,24.69,24.90,24.69,24.90,600,18.04
2010-11-18,24.85,24.85,24.85,24.85,000,18.01
2010-11-17,25.00,25.02,24.80,24.85,900,18.01
2010-11-16,25.08,25.08,24.88,24.90,2400,18.04
2010-11-15,25.07,25.07,25.07,25.07,600,18.16
2010-11-12,24.85,25.08,24.84,25.00,8700,18.11
2010-11-11,24.55,24.85,24.55,24.85,800,18.01
2010-11-10,24.84,24.84,24.84,24.84,000,18.00
2010-11-09,24.84,24.84,24.84,24.84,100,18.00
2010-11-08,24.80,24.80,24.80,24.80,1700,17.97
2010-11-05,24.79,24.80,24.79,24.80,1100,17.97
2010-11-04,24.75,24.75,24.68,24.75,1700,17.93
2010-11-03,24.70,24.77,24.70,24.77,1800,17.95
2010-11-02,24.70,24.80,24.70,24.80,5900,17.97
2010-11-01,24.69,24.70,24.68,24.70,1700,17.90
2010-10-29,24.70,24.70,24.46,24.69,4800,17.89
2010-10-28,24.70,24.75,24.70,24.75,2100,17.93
2010-10-27,24.50,24.66,24.46,24.49,4100,17.74
2010-10-26,24.60,24.60,24.60,24.60,800,17.82
2010-10-25,24.90,24.90,24.51,24.80,3200,17.97
2010-10-22,24.92,24.95,24.80,24.95,4500,18.08
2010-10-21,24.48,24.92,24.48,24.92,2400,18.06
2010-10-20,24.30,24.50,24.30,24.32,3300,17.62
2010-10-19,24.64,24.64,24.30,24.33,2700,17.63
2010-10-18,24.48,24.90,24.48,24.69,3000,17.89
2010-10-15,24.50,24.94,24.25,24.71,1700,17.90
2010-10-14,24.88,24.88,24.22,24.55,2600,17.79
2010-10-13,24.53,24.53,24.30,24.30,4200,17.61
2010-10-12,24.55,24.60,24.50,24.53,5300,17.77
2010-10-11,24.53,24.98,24.53,24.90,1000,18.04
2010-10-08,24.47,25.00,24.40,25.00,4400,18.11
2010-10-07,24.72,24.72,24.25,24.25,1300,17.57
2010-10-06,24.00,24.00,24.00,24.00,000,17.39
2010-10-05,24.00,24.00,23.87,24.00,600,17.39
2010-10-04,24.00,24.00,24.00,24.00,100,17.39
2010-10-01,23.65,24.00,23.65,24.00,2100,17.39
2010-09-30,23.51,23.51,23.51,23.51,000,17.03
2010-09-29,24.00,24.00,23.51,23.51,1800,17.03
2010-09-28,24.10,24.45,23.15,24.00,1500,17.39
2010-09-27,24.49,24.49,24.49,24.49,000,17.74
2010-09-24,24.10,24.75,24.10,24.49,5700,17.30
2010-09-23,23.71,24.20,23.62,24.20,6100,17.10
2010-09-22,23.97,23.97,23.61,23.61,1300,16.68
2010-09-21,23.75,23.75,23.61,23.63,800,16.70
2010-09-20,23.96,24.10,23.96,24.00,1700,16.96
2010-09-17,23.90,23.90,23.02,23.02,4400,16.26
2010-09-16,24.07,24.10,23.51,23.90,6500,16.89
2010-09-15,23.70,23.70,23.70,23.70,200,16.74
2010-09-14,24.05,24.05,23.60,23.61,2100,16.68
2010-09-13,23.60,24.00,23.52,24.00,5400,16.96
2010-09-10,23.50,23.60,23.41,23.50,1600,16.60
2010-09-09,23.34,23.60,23.12,23.12,1300,16.34
2010-09-08,23.25,23.50,23.06,23.50,2900,16.60
2010-09-07,23.50,23.50,23.25,23.25,4500,16.43
2010-09-03,23.00,23.24,23.00,23.24,3600,16.42
2010-09-02,23.00,23.00,22.75,22.75,1100,16.07
2010-09-01,23.00,23.05,22.97,23.00,2800,16.25
2010-08-31,22.89,22.89,22.89,22.89,300,16.17
2010-08-30,22.76,22.76,22.76,22.76,400,16.08
2010-08-27,22.80,22.80,22.80,22.80,2300,16.11
2010-08-26,22.75,22.90,22.75,22.76,3300,16.08
2010-08-25,22.85,22.90,22.85,22.89,3900,16.17
2010-08-24,22.89,22.90,22.60,22.90,15100,16.18
2010-08-23,22.76,22.93,22.76,22.90,1300,16.18
2010-08-20,22.77,23.00,22.75,22.95,3700,16.22
2010-08-19,22.50,23.00,22.50,23.00,2800,16.25
2010-08-18,22.65,22.65,22.45,22.50,6800,15.90
2010-08-17,22.31,22.74,22.24,22.40,5900,15.83
2010-08-16,22.63,22.64,22.28,22.28,1900,15.74
2010-08-13,22.35,22.45,22.35,22.45,700,15.86
2010-08-12,22.46,22.48,22.29,22.48,1800,15.88
2010-08-11,22.43,22.49,22.26,22.45,2000,15.86
2010-08-10,22.20,22.59,22.08,22.50,3000,15.90
2010-08-09,22.27,22.27,22.08,22.20,6900,15.69
2010-08-06,22.59,23.00,22.08,22.39,18500,15.82
2010-08-05,23.00,23.00,22.43,22.59,2500,15.96
2010-08-04,22.56,23.14,22.51,23.14,4200,16.35
2010-08-03,22.41,22.98,22.41,22.55,5500,15.93
2010-08-02,22.75,22.75,22.75,22.75,500,16.07
2010-07-30,22.50,22.75,22.40,22.75,3900,16.07
2010-07-29,22.42,22.70,22.38,22.70,6800,16.04
2010-07-28,22.79,22.79,22.45,22.76,2200,16.08
2010-07-27,22.80,22.85,22.43,22.60,4800,15.97
2010-07-26,22.42,23.20,22.41,22.95,800,16.22
2010-07-23,22.41,22.89,22.40,22.87,1000,16.16
2010-07-22,22.59,22.70,22.50,22.50,2100,15.90
2010-07-21,22.70,22.70,22.70,22.70,000,16.04
2010-07-20,22.25,22.70,22.11,22.70,1400,16.04
2010-07-19,22.20,22.86,22.06,22.25,4600,15.72
2010-07-16,22.25,22.25,22.24,22.25,1000,15.72
2010-07-15,22.18,22.18,22.18,22.18,400,15.67
2010-07-14,22.75,22.75,22.75,22.75,200,16.07
2010-07-13,23.26,23.26,22.87,22.90,2500,16.18
2010-07-12,22.95,23.40,22.82,23.26,3600,16.43
2010-07-09,22.50,22.75,22.48,22.75,3100,16.07
2010-07-08,22.30,22.70,22.30,22.50,3300,15.90
2010-07-07,22.25,22.70,22.15,22.70,2300,16.04
2010-07-06,22.15,22.15,22.15,22.15,000,15.65
2010-07-02,21.91,22.16,21.51,22.15,2600,15.65
2010-07-01,22.30,22.30,22.05,22.05,2800,15.58
2010-06-30,22.25,23.00,22.25,22.30,800,15.76
2010-06-29,22.05,22.97,22.05,22.10,1900,15.61
2010-06-28,22.60,23.09,22.20,22.35,1700,15.79
2010-06-25,23.32,23.32,22.86,23.00,3100,16.25
2010-06-24,23.73,23.75,23.24,23.26,3100,16.00
2010-06-23,23.50,23.73,23.50,23.73,2400,16.33
2010-06-22,23.25,23.35,23.25,23.35,2500,16.07
2010-06-21,23.60,23.74,23.50,23.74,1900,16.33
2010-06-18,23.00,23.00,23.00,23.00,900,15.82
2010-06-17,23.00,23.00,23.00,23.00,000,15.82
2010-06-16,22.50,23.40,22.50,23.00,1700,15.82
2010-06-15,22.50,22.87,22.50,22.86,2200,15.73
2010-06-14,22.87,22.87,22.52,22.52,400,15.49
2010-06-11,22.88,22.88,22.88,22.88,300,15.74
2010-06-10,22.92,22.92,22.54,22.90,800,15.76
2010-06-09,23.05,23.05,22.21,22.28,2100,15.33
2010-06-08,23.35,23.35,23.34,23.34,500,16.06
2010-06-07,22.85,23.39,22.80,23.39,4400,16.09
2010-06-04,23.50,23.50,23.40,23.45,1400,16.13
2010-06-03,22.80,22.80,22.75,22.75,400,15.65
2010-06-02,23.50,23.50,23.50,23.50,700,16.17
2010-06-01,23.25,23.75,23.20,23.65,1300,16.27
2010-05-28,22.84,22.85,22.84,22.85,300,15.72
2010-05-27,22.85,22.85,22.30,22.30,600,15.34
2010-05-26,22.69,22.75,22.67,22.75,2700,15.65
2010-05-25,22.25,22.36,22.24,22.30,2400,15.34
2010-05-24,22.51,22.75,22.21,22.25,2400,15.31
2010-05-21,20.57,22.05,20.57,22.05,400,15.17
2010-05-20,22.01,22.98,21.63,22.98,1500,15.81
2010-05-19,22.45,22.45,22.45,22.45,000,15.45
2010-05-18,22.45,22.47,22.36,22.45,1300,15.45
2010-05-17,23.20,23.25,23.20,23.25,600,16.00
2010-05-14,22.77,23.20,22.77,23.20,3000,15.96
2010-05-13,23.70,23.70,23.70,23.70,200,16.31
2010-05-12,23.75,23.75,23.70,23.70,1200,16.31
2010-05-11,23.75,23.75,22.40,23.75,2500,16.34
2010-05-10,23.75,23.75,22.34,23.70,2000,16.31
2010-05-07,22.01,23.76,22.01,23.00,1800,15.82
2010-05-06,23.84,23.90,21.99,22.30,11000,15.34
2010-05-05,23.87,23.98,23.40,23.90,2600,16.44
2010-05-04,23.29,23.98,23.26,23.98,4400,16.50
2010-05-03,23.38,23.50,23.29,23.41,5300,16.11
2010-04-30,23.10,23.26,23.10,23.25,4800,16.00
2010-04-29,23.11,23.20,22.91,23.20,10200,15.96
2010-04-28,23.71,23.71,23.12,23.12,1400,15.91
2010-04-27,24.19,24.19,23.51,23.52,3000,16.18
2010-04-26,23.94,23.94,23.70,23.70,3100,16.31
2010-04-23,23.42,23.42,23.40,23.40,400,16.10
2010-04-22,23.30,23.50,23.26,23.50,1100,16.17
2010-04-21,23.87,23.94,23.67,23.85,1500,16.41
2010-04-20,23.51,23.57,23.40,23.40,3400,16.10
2010-04-19,23.97,24.00,23.50,23.55,9000,16.20
2010-04-16,23.76,23.76,23.42,23.42,2600,16.11
2010-04-15,24.00,24.00,23.50,23.78,5900,16.36
2010-04-14,23.80,24.35,23.80,23.80,11200,16.38
2010-04-13,23.79,23.79,23.78,23.78,3300,16.36
2010-04-12,23.80,23.80,23.79,23.79,1000,16.37
2010-04-09,23.80,23.80,23.60,23.80,4900,16.38
2010-04-08,23.50,24.35,23.50,23.80,14200,16.38
2010-04-07,24.00,24.00,23.50,23.80,6700,16.38
2010-04-06,23.74,24.11,23.74,24.00,4600,16.51
2010-04-05,23.76,23.76,23.65,23.65,3100,16.27
2010-04-01,23.70,23.70,23.70,23.70,600,16.31
2010-03-31,23.60,23.76,23.60,23.73,4400,16.33
2010-03-30,23.47,23.80,23.40,23.41,3400,16.11
2010-03-29,23.44,23.48,23.29,23.30,5500,16.03
2010-03-26,23.64,23.64,23.40,23.40,1300,16.10
2010-03-25,24.44,24.45,24.02,24.25,3700,16.27
2010-03-24,24.40,24.45,24.38,24.38,5100,16.35
2010-03-23,24.49,24.49,23.45,24.00,9000,16.10
2010-03-22,24.23,24.30,24.23,24.30,3700,16.30
2010-03-19,24.01,24.65,24.00,24.40,3700,16.37
2010-03-18,23.48,24.15,23.48,24.15,1800,16.20
2010-03-17,23.40,23.50,23.40,23.50,5900,15.76
2010-03-16,23.13,23.41,23.13,23.40,2000,15.70
2010-03-15,23.50,23.50,23.04,23.45,6300,15.73
2010-03-12,23.49,23.50,23.20,23.20,5800,15.56
2010-03-11,23.33,23.45,23.30,23.45,5100,15.73
2010-03-10,23.35,23.35,23.35,23.35,1100,15.66
2010-03-09,23.24,23.25,23.04,23.25,4800,15.60
2010-03-08,23.25,23.25,23.25,23.25,200,15.60
2010-03-05,23.01,23.01,23.01,23.01,000,15.43
2010-03-04,23.25,23.25,23.01,23.01,2200,15.43
2010-03-03,23.00,23.25,23.00,23.25,1600,15.60
2010-03-02,23.00,23.25,23.00,23.25,1500,15.60
2010-03-01,22.75,23.15,22.70,22.85,6100,15.33
2010-02-26,22.79,23.10,22.75,23.10,5400,15.49
2010-02-25,22.70,22.75,22.55,22.75,5900,15.26
2010-02-24,22.50,22.88,21.01,22.75,10800,15.26
2010-02-23,22.55,23.00,22.55,22.75,2100,15.26
2010-02-22,22.10,22.48,22.10,22.45,2600,15.06
2010-02-19,21.80,22.20,21.80,22.20,6200,14.89
2010-02-18,20.13,22.15,20.13,21.52,20700,14.43
2010-02-17,20.70,20.70,20.70,20.70,900,13.88
2010-02-16,20.51,20.70,20.50,20.70,3600,13.88
2010-02-12,20.45,20.45,20.45,20.45,200,13.72
2010-02-11,20.15,20.54,20.15,20.52,1600,13.76
2010-02-10,20.12,20.25,20.11,20.12,2800,13.50
2010-02-09,20.60,20.65,20.55,20.55,4100,13.78
2010-02-08,20.64,20.65,20.45,20.62,800,13.83
2010-02-05,20.36,20.36,20.36,20.36,200,13.66
2010-02-04,20.62,20.65,20.35,20.35,900,13.65
2010-02-03,20.20,20.20,20.20,20.20,000,13.55
2010-02-02,20.75,20.75,20.20,20.20,3100,13.55
2010-02-01,20.35,20.55,20.35,20.55,500,13.78
2010-01-29,20.74,20.74,20.04,20.35,3400,13.65
2010-01-28,20.22,20.25,20.10,20.14,5200,13.51
2010-01-27,20.03,20.75,20.00,20.75,2400,13.92
2010-01-26,20.55,20.75,20.20,20.75,1800,13.92
2010-01-25,20.63,20.75,20.60,20.75,1500,13.92
2010-01-22,20.65,20.65,20.35,20.35,4200,13.65
2010-01-21,20.40,20.75,20.25,20.25,2700,13.58
2010-01-20,21.00,21.00,20.87,20.90,3200,14.02
2010-01-19,21.00,21.00,20.20,21.00,1000,14.09
2010-01-15,20.50,20.50,20.20,20.20,2800,13.55
2010-01-14,20.25,21.00,20.20,20.20,5100,13.55
2010-01-13,19.98,20.75,19.98,20.00,4100,13.42
2010-01-12,19.68,20.00,19.60,19.60,3500,13.15
2010-01-11,19.69,19.69,19.69,19.69,200,13.21
2010-01-08,19.50,19.50,19.50,19.50,900,13.08
2010-01-07,19.80,20.00,19.00,19.37,9100,12.99
2010-01-06,19.79,19.99,19.75,19.78,9900,13.27
2010-01-05,19.95,19.95,19.60,19.60,900,13.15
2010-01-04,19.95,19.98,19.95,19.98,1600,13.40
2009-12-31,19.05,19.48,19.04,19.04,3100,12.77
2009-12-30,19.07,19.07,19.07,19.07,000,12.79
2009-12-29,19.10,19.10,19.04,19.07,2900,12.79
2009-12-28,19.90,19.90,19.04,19.05,1800,12.78
2009-12-24,19.90,19.99,19.90,19.99,1400,13.00
2009-12-23,19.75,19.95,19.75,19.85,5800,12.91
2009-12-22,19.85,19.85,19.74,19.85,5600,12.91
2009-12-21,18.90,19.50,18.80,19.50,10600,12.68
2009-12-18,18.55,18.75,18.55,18.75,3900,12.19
2009-12-17,18.40,18.67,18.40,18.55,6400,12.06
2009-12-16,18.40,18.80,18.40,18.63,12700,12.12
2009-12-15,18.50,18.50,18.00,18.50,2300,12.03
2009-12-14,17.83,18.50,17.80,18.50,13500,12.03
2009-12-11,18.25,18.25,18.25,18.25,700,11.87
2009-12-10,18.50,18.50,17.61,17.75,2400,11.54
2009-12-09,17.70,18.50,17.55,18.50,4800,12.03
2009-12-08,17.50,17.52,17.35,17.35,3400,11.28
2009-12-07,17.39,17.50,17.20,17.50,5000,11.38
2009-12-04,15.91,17.10,15.85,17.05,21300,11.09
2009-12-03,15.40,15.40,15.40,15.40,000,10.01
2009-12-02,15.75,15.75,15.40,15.40,4900,10.01
2009-12-01,15.52,15.52,15.50,15.50,1800,10.08
2009-11-30,15.56,15.85,15.53,15.85,800,10.31
2009-11-27,15.63,16.00,15.50,15.51,2600,10.09
2009-11-25,16.00,16.00,15.61,15.61,3000,10.15
2009-11-24,15.55,15.75,15.55,15.75,900,10.24
2009-11-23,15.59,15.75,15.55,15.55,2400,10.11
2009-11-20,15.65,15.65,15.65,15.65,2000,10.18
2009-11-19,15.51,15.51,15.51,15.51,000,10.09
2009-11-18,15.50,15.51,15.50,15.51,1400,10.09
2009-11-17,15.90,15.90,15.47,15.47,5500,10.06
2009-11-16,15.75,16.00,15.75,16.00,2700,10.41
2009-11-13,15.63,16.00,15.61,16.00,3300,10.41
2009-11-12,15.80,15.80,15.60,15.80,2000,10.28
2009-11-11,15.95,15.95,15.95,15.95,400,10.37
2009-11-10,15.95,15.95,15.95,15.95,000,10.37
2009-11-09,15.70,15.95,15.70,15.95,1900,10.37
2009-11-06,15.95,15.95,15.95,15.95,600,10.37
2009-11-05,15.67,15.70,15.60,15.60,3600,10.15
2009-11-04,15.58,15.63,15.55,15.63,700,10.16
2009-11-03,15.28,15.99,15.25,15.99,5400,10.40
2009-11-02,15.75,15.75,15.25,15.75,2700,10.24
2009-10-30,15.98,16.00,15.40,15.40,2800,10.01
2009-10-29,15.30,15.30,15.24,15.25,1800,9.92
2009-10-28,15.33,15.56,15.24,15.24,2000,9.91
2009-10-27,16.19,16.19,15.30,15.30,1800,9.95
2009-10-26,15.41,16.25,15.41,16.25,6500,10.57
2009-10-23,16.00,16.00,15.80,15.90,2900,10.34
2009-10-22,15.80,16.00,15.75,15.75,3700,10.24
2009-10-21,16.00,16.00,15.80,15.80,1600,10.28
2009-10-20,15.60,16.00,15.60,16.00,5500,10.41
2009-10-19,15.50,15.75,15.45,15.60,4100,10.15
2009-10-16,15.30,15.45,15.24,15.45,7600,10.05
2009-10-15,15.40,15.40,15.40,15.40,000,10.01
2009-10-14,15.49,15.49,15.35,15.40,2100,10.01
2009-10-13,15.25,15.35,15.25,15.35,1600,9.98
2009-10-12,15.40,15.40,15.30,15.30,1200,9.95
2009-10-09,15.29,15.31,15.24,15.24,4500,9.91
2009-10-08,15.70,15.70,15.50,15.50,1800,10.08
2009-10-07,15.70,15.70,15.70,15.70,200,10.21
2009-10-06,16.00,16.15,15.62,15.65,7600,10.18
2009-10-05,15.98,15.98,15.98,15.98,600,10.39
2009-10-02,15.80,15.80,15.80,15.80,000,10.28
2009-10-01,16.87,16.87,15.56,15.80,800,10.28
2009-09-30,16.00,16.00,16.00,16.00,000,10.41
2009-09-29,16.00,16.00,16.00,16.00,800,10.01
2009-09-28,16.25,16.25,16.25,16.25,000,10.17
2009-09-25,16.25,16.25,16.10,16.25,1600,10.17
2009-09-24,16.25,16.25,16.25,16.25,200,10.17
2009-09-23,16.25,16.50,16.25,16.50,2200,10.32
2009-09-22,16.34,16.35,16.10,16.10,17600,10.07
2009-09-21,16.34,16.34,16.34,16.34,200,10.22
2009-09-18,16.00,16.00,16.00,16.00,2200,10.01
2009-09-17,16.20,16.20,16.20,16.20,3400,10.13
2009-09-16,16.05,16.45,16.05,16.27,5400,10.18
2009-09-15,15.87,16.00,15.87,15.91,6000,9.95
2009-09-14,16.00,16.00,15.51,15.90,8200,9.95
2009-09-11,16.00,16.00,16.00,16.00,5800,10.01
2009-09-10,16.00,16.16,16.00,16.00,6500,10.01
2009-09-09,16.09,16.12,16.00,16.00,8100,10.01
2009-09-08,16.00,16.10,15.95,16.10,2400,10.07
2009-09-04,16.25,16.25,16.25,16.25,100,10.17
2009-09-03,15.95,16.00,15.95,16.00,2600,10.01
2009-09-02,16.00,16.15,15.83,15.95,8800,9.98
2009-09-01,15.95,16.00,15.95,15.95,2000,9.98
2009-08-31,15.95,16.00,15.95,15.98,5100,10.00
2009-08-28,15.95,15.95,15.92,15.94,5200,9.97
2009-08-27,15.90,16.04,15.90,16.00,4500,10.01
2009-08-26,16.10,16.10,15.95,15.95,4300,9.98
2009-08-25,16.00,16.14,15.75,16.05,5400,10.04
2009-08-24,16.35,16.35,16.05,16.10,6800,10.07
2009-08-21,16.00,16.35,15.50,16.35,12500,10.23
2009-08-20,16.25,16.35,16.25,16.35,5000,10.23
2009-08-19,15.90,16.00,15.85,16.00,6700,10.01
2009-08-18,16.00,16.00,15.30,15.40,8900,9.63
2009-08-17,16.05,16.05,15.90,16.00,1300,10.01
2009-08-14,16.35,16.35,16.10,16.10,4000,10.07
2009-08-13,16.05,16.25,16.00,16.25,12700,10.17
2009-08-12,16.10,16.10,15.95,16.05,12100,10.04
2009-08-11,16.00,16.00,16.00,16.00,000,10.01
2009-08-10,16.00,16.15,16.00,16.00,1200,10.01
2009-08-07,16.34,16.35,16.34,16.35,2300,10.23
2009-08-06,16.50,16.50,16.00,16.00,1700,10.01
2009-08-05,15.90,16.00,15.90,15.98,2100,10.00
2009-08-04,16.00,16.00,15.80,15.80,2400,9.88
2009-08-03,15.80,15.80,15.80,15.80,1000,9.88
2009-07-31,15.97,15.97,15.80,15.80,900,9.88
2009-07-30,15.85,15.90,15.80,15.85,12500,9.92
2009-07-29,16.00,16.00,16.00,16.00,1400,10.01
2009-07-28,16.00,16.00,16.00,16.00,3100,10.01
2009-07-27,16.24,16.24,16.00,16.00,1000,10.01
2009-07-24,16.00,16.00,15.88,15.96,1100,9.98
2009-07-23,16.20,16.20,16.00,16.00,20900,10.01
2009-07-22,16.59,16.60,16.40,16.40,1800,10.26
2009-07-21,16.00,16.20,16.00,16.20,400,10.13
2009-07-20,16.00,16.70,16.00,16.70,800,10.45
2009-07-17,16.00,16.00,16.00,16.00,000,10.01
2009-07-16,16.04,16.04,16.00,16.00,2100,10.01
2009-07-15,16.00,16.52,16.00,16.10,1000,10.07
2009-07-14,16.55,16.55,16.55,16.55,200,10.35
2009-07-13,16.20,16.20,16.20,16.20,800,10.13
2009-07-10,16.10,16.19,15.51,16.19,500,10.13
2009-07-09,16.25,16.25,16.20,16.20,1900,10.13
2009-07-08,16.50,16.50,16.00,16.00,1000,10.01
2009-07-07,16.50,16.50,16.50,16.50,600,10.32
2009-07-06,16.97,17.00,16.74,16.75,1400,10.48
2009-07-02,17.00,17.00,17.00,17.00,000,10.63
2009-07-01,17.00,17.00,16.90,17.00,1000,10.63
2009-06-30,17.00,17.00,16.87,16.87,900,10.55
2009-06-29,16.50,16.98,16.50,16.60,2100,10.38
2009-06-26,16.75,16.75,15.75,15.75,1100,9.85
2009-06-25,17.00,17.00,16.75,17.00,4400,10.63
2009-06-24,17.25,17.25,17.25,17.25,300,10.41
2009-06-23,17.25,17.25,17.25,17.25,300,10.41
2009-06-22,17.24,17.25,17.00,17.00,800,10.26
2009-06-19,17.00,17.00,16.90,17.00,1200,10.26
2009-06-18,16.70,16.70,16.70,16.70,400,10.08
2009-06-17,16.98,17.35,16.24,16.70,16500,10.08
2009-06-16,16.00,17.00,16.00,17.00,1400,10.26
2009-06-15,16.00,16.00,15.95,16.00,1700,9.66
2009-06-12,16.00,16.00,16.00,16.00,4400,9.66
2009-06-11,15.88,15.88,15.87,15.87,300,9.58
2009-06-10,15.30,15.88,15.30,15.88,500,9.58
2009-06-09,15.40,15.50,15.15,15.25,7600,9.20
2009-06-08,15.15,15.39,15.15,15.39,2200,9.29
2009-06-05,15.29,15.30,15.15,15.15,2800,9.14
2009-06-04,15.00,15.30,15.00,15.30,2600,9.23
2009-06-03,15.15,15.15,15.15,15.15,500,9.14
2009-06-02,14.75,15.00,14.70,15.00,600,9.05
2009-06-01,14.48,14.75,14.48,14.75,700,8.90
2009-05-29,13.75,13.75,13.75,13.75,000,8.30
2009-05-28,13.40,14.45,13.40,13.75,3300,8.30
2009-05-27,13.30,13.30,13.25,13.25,1200,8.00
2009-05-26,13.10,13.10,13.10,13.10,000,7.91
2009-05-22,13.20,13.20,13.00,13.10,6600,7.91
2009-05-21,13.40,13.40,13.01,13.20,5000,7.97
2009-05-20,12.99,13.00,12.85,13.00,65700,7.85
2009-05-19,13.19,13.19,12.90,12.90,6200,7.78
2009-05-18,13.05,13.15,13.00,13.05,26100,7.88
2009-05-15,13.00,13.16,12.79,13.09,15800,7.90
2009-05-14,13.15,13.15,13.00,13.00,2700,7.85
2009-05-13,13.20,13.20,13.00,13.00,4800,7.85
2009-05-12,12.55,12.55,12.55,12.55,400,7.57
2009-05-11,13.00,13.40,13.00,13.40,5600,8.09
2009-05-08,13.50,13.50,13.00,13.30,13500,8.03
2009-05-07,12.75,13.49,12.75,13.27,2000,8.01
2009-05-06,12.40,12.70,12.40,12.70,9400,7.66
2009-05-05,12.54,12.54,12.54,12.54,100,7.57
2009-05-04,13.25,13.25,11.95,11.95,7300,7.21
2009-05-01,11.25,11.50,11.11,11.11,8300,6.70
2009-04-30,11.15,11.15,11.15,11.15,000,6.73
2009-04-29,11.15,11.15,11.15,11.15,500,6.73
2009-04-28,11.40,12.21,11.10,11.10,800,6.70
2009-04-27,11.80,11.80,11.75,11.76,3900,7.10
2009-04-24,11.80,11.80,11.80,11.80,100,7.12
2009-04-23,12.50,12.50,12.50,12.50,000,7.54
2009-04-22,12.50,12.50,12.50,12.50,000,7.54
2009-04-21,12.50,12.50,12.50,12.50,000,7.54
2009-04-20,12.50,12.75,12.50,12.50,1100,7.54
2009-04-17,13.35,14.00,13.00,14.00,2100,8.45
2009-04-16,13.31,13.35,13.31,13.35,800,8.06
2009-04-15,13.35,13.35,13.35,13.35,000,8.06
2009-04-14,13.35,13.35,13.35,13.35,000,8.06
2009-04-13,13.40,13.40,13.35,13.35,900,8.06
2009-04-09,13.00,13.00,13.00,13.00,600,7.85
2009-04-08,13.50,13.50,13.50,13.50,000,8.15
2009-04-07,13.50,13.50,13.50,13.50,200,8.15
2009-04-06,12.89,12.89,12.89,12.89,1000,7.78
2009-04-03,11.65,12.80,11.65,11.75,1200,7.09
2009-04-02,11.67,11.67,11.67,11.67,000,7.04
2009-04-01,11.67,11.67,11.67,11.67,000,7.04
2009-03-31,11.67,11.67,11.67,11.67,200,7.04
2009-03-30,10.90,10.90,10.90,10.90,100,6.58
2009-03-27,10.51,10.51,10.51,10.51,000,6.34
2009-03-26,11.00,12.59,10.51,10.51,3700,6.34
2009-03-25,12.00,13.25,11.50,13.00,2100,7.48
2009-03-24,12.36,12.36,11.50,11.75,2300,6.76
2009-03-23,12.25,14.83,12.25,13.00,9800,7.48
2009-03-20,9.25,12.00,9.25,12.00,13000,6.90
2009-03-19,9.50,9.50,9.05,9.05,800,5.21
2009-03-18,7.25,9.00,7.25,9.00,4100,5.18
2009-03-17,7.28,7.28,7.28,7.28,300,4.19
2009-03-16,7.51,7.51,7.50,7.50,400,4.31
2009-03-13,7.50,7.50,7.50,7.50,200,4.31
2009-03-12,6.50,8.00,6.50,8.00,500,4.60
2009-03-11,6.49,7.40,6.49,7.40,3400,4.26
2009-03-10,6.49,6.50,6.12,6.25,2500,3.60
2009-03-09,6.50,6.70,6.10,6.10,5300,3.51
2009-03-06,7.10,7.10,6.45,6.50,3300,3.74
2009-03-05,7.00,7.00,7.00,7.00,100,4.03
2009-03-04,8.50,8.50,6.45,7.06,6700,4.06
2009-03-03,9.19,9.19,9.01,9.01,1600,5.18
2009-03-02,9.50,9.50,9.50,9.50,000,5.46
2009-02-27,8.40,9.75,8.40,9.50,3100,5.46
2009-02-26,8.10,8.10,8.10,8.10,200,4.66
2009-02-25,8.00,8.00,8.00,8.00,200,4.60
2009-02-24,7.25,9.00,7.05,8.97,4000,5.16
2009-02-23,9.15,9.49,7.00,7.98,10800,4.59
2009-02-20,11.20,11.20,9.05,9.90,6300,5.69
2009-02-19,10.62,11.59,10.62,11.20,3600,6.44
2009-02-18,11.50,11.98,10.59,11.21,14800,6.45
2009-02-17,10.84,11.01,10.84,11.00,4000,6.33
2009-02-13,12.00,12.00,11.50,11.50,3300,6.61
2009-02-12,12.85,12.85,11.25,12.00,12900,6.90
2009-02-11,13.30,13.30,13.30,13.30,000,7.65
2009-02-10,13.30,13.30,12.75,13.30,1700,7.65
2009-02-09,13.50,13.50,13.00,13.50,500,7.77
2009-02-06,13.50,13.50,13.50,13.50,000,7.77
2009-02-05,14.19,14.20,13.50,13.50,2300,7.77
2009-02-04,14.25,14.25,14.00,14.10,2500,8.11
2009-02-03,14.50,14.90,14.30,14.90,2000,8.57
2009-02-02,14.26,14.26,14.26,14.26,300,8.20
2009-01-30,15.19,15.19,15.19,15.19,000,8.74
2009-01-29,15.19,15.19,15.19,15.19,000,8.74
2009-01-28,14.50,15.19,14.50,15.19,4000,8.74
2009-01-27,14.25,14.30,14.25,14.30,3100,8.23
2009-01-26,15.50,15.50,14.01,14.01,2700,8.06
2009-01-23,14.60,15.00,14.60,15.00,1600,8.63
2009-01-22,14.60,14.60,14.60,14.60,400,8.40
2009-01-21,15.53,15.53,14.50,14.60,4700,8.40
2009-01-20,15.57,15.57,15.40,15.40,700,8.86
2009-01-16,16.24,16.45,16.24,16.45,2700,9.46
2009-01-15,15.75,16.25,15.50,16.10,6000,9.26
2009-01-14,15.81,16.10,15.75,16.10,3100,9.26
2009-01-13,16.10,16.25,15.78,16.25,3900,9.35
2009-01-12,16.50,16.50,16.50,16.50,000,9.49
2009-01-09,16.50,16.50,16.50,16.50,300,9.49
2009-01-08,16.10,16.50,16.10,16.50,4100,9.49
2009-01-07,16.46,16.46,16.10,16.25,1700,9.35
2009-01-06,16.00,16.25,16.00,16.25,2000,9.35
2009-01-05,15.50,16.25,15.50,16.25,2100,9.35
2009-01-02,16.00,16.00,15.70,15.90,2200,9.15
2008-12-31,15.99,16.01,15.99,16.00,1200,9.20
2008-12-30,15.40,15.41,15.40,15.40,1300,8.86
2008-12-29,15.05,15.05,15.05,15.05,500,8.66
2008-12-26,15.35,15.89,15.28,15.89,1900,9.14
2008-12-24,15.11,15.11,15.11,15.11,000,8.34
2008-12-23,15.10,15.18,15.00,15.11,5800,8.34
2008-12-22,15.67,15.70,15.10,15.18,1800,8.38
2008-12-19,15.20,15.70,14.84,14.90,4200,8.23
2008-12-18,15.25,15.25,14.75,15.20,8500,8.39
2008-12-17,15.03,15.70,14.97,15.03,4200,8.30
2008-12-16,15.00,15.25,14.75,15.05,3000,8.31
2008-12-15,15.65,15.65,15.10,15.20,1700,8.39
2008-12-12,16.00,16.00,15.50,15.55,2600,8.58
2008-12-11,16.00,16.36,15.08,15.26,4800,8.42
2008-12-10,14.60,15.50,14.60,15.50,2100,8.56
2008-12-09,14.55,14.75,14.50,14.55,3700,8.03
2008-12-08,14.75,14.75,14.75,14.75,200,8.14
2008-12-05,14.76,15.20,14.64,15.20,6000,8.39
2008-12-04,15.00,15.00,14.96,14.96,3400,8.26
2008-12-03,14.75,14.89,14.75,14.89,1400,8.22
2008-12-02,15.08,15.49,14.80,14.96,4900,8.26
2008-12-01,15.30,15.37,14.85,14.97,5200,8.26
2008-11-28,15.41,15.80,15.23,15.23,2400,8.41
2008-11-26,15.45,15.45,15.01,15.13,6000,8.35
2008-11-25,16.25,16.25,15.25,15.43,7600,8.52
2008-11-24,15.72,16.17,15.25,15.25,7500,8.42
2008-11-21,15.60,15.60,15.30,15.30,2700,8.45
2008-11-20,15.42,15.42,15.25,15.30,4000,8.45
2008-11-19,15.40,15.58,15.40,15.58,4200,8.60
2008-11-18,15.30,15.50,15.30,15.40,1600,8.50
2008-11-17,16.00,16.00,15.50,15.53,3600,8.57
2008-11-14,15.75,15.75,15.75,15.75,300,8.69
2008-11-13,17.40,17.40,15.75,15.79,7400,8.72
2008-11-12,16.00,17.00,16.00,17.00,5000,9.38
2008-11-11,16.00,16.00,15.51,16.00,6600,8.83
2008-11-10,16.47,16.50,15.51,15.60,7500,8.61
2008-11-07,15.51,16.00,15.51,15.52,4600,8.57
2008-11-06,16.60,16.60,16.40,16.41,3900,9.06
2008-11-05,16.52,16.95,16.00,16.50,21200,9.11
2008-11-04,17.08,17.19,17.08,17.18,3600,9.48
2008-11-03,17.00,17.00,16.50,16.80,4900,9.27
2008-10-31,17.26,17.26,17.01,17.01,2700,9.39
2008-10-30,17.03,17.03,17.03,17.03,000,9.40
2008-10-29,17.28,17.28,17.00,17.03,6700,9.40
2008-10-28,16.88,17.89,16.85,17.89,5300,9.88
2008-10-27,16.85,16.85,16.85,16.85,1000,9.30
2008-10-24,17.50,18.64,17.10,17.28,2100,9.54
2008-10-23,18.49,18.75,18.00,18.00,5800,9.94
2008-10-22,18.11,18.28,18.10,18.10,1400,9.99
2008-10-21,18.50,19.25,18.00,18.26,10900,10.08
2008-10-20,17.50,18.00,17.50,18.00,5400,9.94
2008-10-17,17.25,17.70,17.25,17.70,5400,9.77
2008-10-16,16.50,17.00,16.50,17.00,500,9.38
2008-10-15,16.50,16.57,16.02,16.40,4500,9.05
2008-10-14,16.14,16.25,16.00,16.25,1400,8.97
2008-10-13,14.57,15.70,13.31,15.60,11100,8.61
2008-10-10,14.10,15.99,13.05,13.16,9300,7.26
2008-10-09,14.75,14.75,14.31,14.31,7100,7.90
2008-10-08,15.00,15.02,14.76,15.02,3200,8.29
2008-10-07,15.36,15.36,15.00,15.10,2300,8.34
2008-10-06,15.39,16.00,15.36,15.36,400,8.48
2008-10-03,17.50,17.50,15.00,15.36,12700,8.48
2008-10-02,16.04,16.04,15.75,16.00,4300,8.83
2008-10-01,15.75,16.00,15.75,16.00,800,8.83
2008-09-30,16.50,16.50,16.50,16.50,300,9.11
2008-09-29,18.50,18.50,16.00,16.00,3100,8.83
2008-09-26,18.50,18.50,18.50,18.50,2000,10.21
2008-09-25,19.00,19.00,19.00,19.00,200,10.49
2008-09-24,18.55,19.00,18.55,18.80,6900,10.04
2008-09-23,18.68,19.00,18.68,18.85,6000,10.07
2008-09-22,18.57,19.00,18.35,19.00,9200,10.15
2008-09-19,19.42,19.45,18.51,18.51,1100,9.89
2008-09-18,18.75,18.75,17.75,18.23,5400,9.74
2008-09-17,18.60,18.60,18.15,18.29,2700,9.77
2008-09-16,18.51,18.51,18.51,18.51,000,9.89
2008-09-15,18.25,18.51,17.52,18.51,2600,9.89
2008-09-12,18.50,18.94,18.50,18.83,7100,10.06
2008-09-11,19.00,19.00,18.97,18.97,1000,10.13
2008-09-10,19.60,19.70,19.09,19.15,10700,10.23
2008-09-09,20.03,20.03,19.70,19.75,9100,10.55
2008-09-08,19.91,20.30,19.91,20.30,1000,10.84
2008-09-05,19.85,19.95,19.75,19.95,2800,10.66
2008-09-04,20.00,20.00,19.50,19.75,5700,10.55
2008-09-03,18.50,19.50,18.50,19.50,8800,10.42
2008-09-02,17.73,18.30,17.70,18.30,4700,9.77
2008-08-29,17.16,17.95,17.15,17.70,6600,9.45
2008-08-28,16.81,17.45,16.80,17.10,4900,9.13
2008-08-27,17.20,17.40,17.20,17.40,5300,9.29
2008-08-26,16.75,17.45,16.61,17.45,1600,9.32
2008-08-25,16.80,17.45,16.75,16.86,5100,9.01
2008-08-22,17.34,17.35,16.90,16.90,1200,9.03
2008-08-21,16.99,17.39,16.60,16.64,4300,8.89
2008-08-20,17.00,17.00,16.67,16.67,1100,8.90
2008-08-19,17.06,17.40,17.00,17.39,3800,9.29
2008-08-18,16.19,17.39,16.19,17.37,7100,9.28
2008-08-15,16.50,16.78,16.50,16.54,2000,8.83
2008-08-14,16.61,17.00,16.61,16.69,4300,8.91
2008-08-13,15.83,15.83,15.80,15.80,3400,8.44
2008-08-12,16.06,16.25,15.78,15.78,3400,8.43
2008-08-11,15.98,16.67,15.83,15.89,5600,8.49
2008-08-08,15.10,16.50,15.10,16.00,13800,8.55
2008-08-07,16.05,16.25,15.75,16.10,18500,8.60
2008-08-06,17.12,17.13,16.40,16.43,10900,8.78
2008-08-05,16.39,17.00,16.39,16.75,6200,8.95
2008-08-04,15.51,16.25,15.40,16.10,7100,8.60
2008-08-01,15.32,16.19,15.32,15.79,25300,8.43
2008-07-31,14.95,15.03,14.91,14.95,6100,7.99
2008-07-30,14.74,15.50,14.74,15.50,9800,8.28
2008-07-29,14.00,14.50,13.95,14.50,7200,7.75
2008-07-28,13.99,13.99,13.75,13.80,400,7.37
2008-07-25,14.00,14.00,13.50,14.00,1900,7.48
2008-07-24,14.80,14.80,13.53,13.75,17200,7.34
2008-07-23,15.86,16.50,14.52,15.23,14800,8.14
2008-07-22,16.00,16.94,15.75,15.90,10300,8.49
2008-07-21,14.50,16.25,14.50,16.18,19700,8.64
2008-07-18,13.23,14.26,13.23,14.26,32600,7.62
2008-07-17,12.50,13.00,12.10,12.96,41700,6.92
2008-07-16,10.44,12.42,10.06,12.37,9200,6.61
2008-07-15,9.54,10.57,8.95,10.57,20400,5.65
2008-07-14,11.75,11.75,9.76,9.80,17700,5.23
2008-07-11,12.93,12.93,10.51,12.24,13000,6.54
2008-07-10,13.06,13.42,12.91,13.42,1400,7.17
2008-07-09,13.06,14.00,12.17,13.05,13600,6.97
2008-07-08,11.06,14.00,10.50,13.33,17100,7.12
2008-07-07,13.00,13.00,10.53,11.82,30000,6.31
2008-07-03,14.01,14.01,13.00,13.30,7600,7.10
2008-07-02,14.70,14.98,13.51,14.74,10800,7.87
2008-07-01,14.70,14.70,14.70,14.70,400,7.85
2008-06-30,14.00,15.00,14.00,14.94,5800,7.98
2008-06-27,16.99,17.00,13.55,14.00,13900,7.48
2008-06-26,18.28,18.28,16.01,17.00,6100,9.08
2008-06-25,18.50,21.49,18.00,18.03,21500,9.63
2008-06-24,21.76,21.76,19.95,19.95,2600,10.33
2008-06-23,21.01,22.00,21.01,21.35,4400,11.06
2008-06-20,21.07,22.00,20.40,22.00,5000,11.39
2008-06-19,23.00,23.00,22.01,22.49,2400,11.65
2008-06-18,22.11,22.11,22.11,22.11,700,11.45
2008-06-17,22.39,22.48,22.35,22.47,1500,11.64
2008-06-16,23.02,23.02,22.46,23.00,2100,11.91
2008-06-13,23.98,24.00,23.40,23.40,7100,12.12
2008-06-12,22.23,22.23,22.23,22.23,000,11.51
2008-06-11,22.99,23.94,22.22,22.23,1000,11.51
2008-06-10,22.50,22.55,22.02,22.55,2500,11.68
2008-06-09,22.02,22.60,22.01,22.60,1400,11.70
2008-06-06,22.40,22.78,22.39,22.78,3500,11.80
2008-06-05,22.00,22.74,22.00,22.63,17100,11.72
2008-06-04,22.07,22.66,21.75,22.10,11900,11.44
2008-06-03,22.69,22.70,22.25,22.25,1000,11.52
2008-06-02,22.75,22.76,22.10,22.13,4700,11.46
2008-05-30,23.00,23.00,23.00,23.00,100,11.91
2008-05-29,22.55,22.55,22.55,22.55,1700,11.68
2008-05-28,23.00,23.25,23.00,23.25,1500,12.04
2008-05-27,22.84,23.00,22.73,23.00,9800,11.91
2008-05-23,22.82,22.99,22.35,22.67,6300,11.74
2008-05-22,22.33,22.95,22.31,22.95,1700,11.88
2008-05-21,22.98,23.00,22.27,22.75,2300,11.78
2008-05-20,23.35,23.35,23.00,23.00,400,11.91
2008-05-19,23.00,23.25,22.25,23.25,5900,12.04
2008-05-16,23.42,23.42,23.00,23.06,3200,11.94
2008-05-15,23.10,23.42,23.00,23.42,1300,12.13
2008-05-14,23.25,23.25,22.75,23.05,2300,11.94
2008-05-13,23.25,23.44,23.25,23.25,1700,12.04
2008-05-12,23.95,23.95,21.82,23.07,8500,11.95
2008-05-09,24.05,24.16,23.70,23.88,3300,12.37
2008-05-08,23.90,23.95,23.90,23.95,600,12.40
2008-05-07,24.01,24.01,23.90,23.90,800,12.38
2008-05-06,24.17,24.17,24.17,24.17,100,12.52
2008-05-05,24.15,24.15,24.15,24.15,1000,12.51
2008-05-02,24.17,24.17,24.15,24.15,1000,12.51
2008-05-01,24.15,24.15,24.15,24.15,000,12.51
2008-04-30,24.23,24.23,24.15,24.15,900,12.51
2008-04-29,24.19,24.19,24.19,24.19,000,12.53
2008-04-28,24.00,24.19,24.00,24.19,1000,12.53
2008-04-25,24.24,24.25,24.00,24.00,2100,12.43
2008-04-24,24.01,24.01,23.76,23.90,1200,12.38
2008-04-23,23.50,24.10,23.50,24.10,4100,12.48
2008-04-22,23.50,23.50,23.50,23.50,400,12.17
2008-04-21,23.75,23.75,23.50,23.50,1200,12.17
2008-04-18,23.50,23.97,23.50,23.60,3300,12.22
2008-04-17,24.00,24.00,23.50,23.50,1800,12.17
2008-04-16,23.90,23.90,23.90,23.90,800,12.38
2008-04-15,23.19,24.23,23.19,23.50,15000,12.17
2008-04-14,24.00,24.00,23.00,23.25,3100,12.04
2008-04-11,24.35,24.35,24.35,24.35,100,12.61
2008-04-10,24.11,24.37,23.30,24.32,4800,12.59
2008-04-09,24.39,24.39,24.32,24.33,500,12.60
2008-04-08,24.69,24.69,24.30,24.30,37200,12.58
2008-04-07,24.66,24.69,24.66,24.69,500,12.79
2008-04-04,24.72,24.80,24.65,24.80,3500,12.84
2008-04-03,24.75,24.76,24.56,24.58,106000,12.73
2008-04-02,24.76,25.10,24.50,25.10,1300,13.00
2008-04-01,24.85,24.99,24.75,24.99,2500,12.94
2008-03-31,25.00,25.00,24.85,24.85,1400,12.87
2008-03-28,25.00,25.00,25.00,25.00,2300,12.95
2008-03-27,24.96,25.00,24.96,25.00,300,12.95
2008-03-26,23.79,24.85,23.79,24.85,4900,12.87
2008-03-25,24.98,24.98,24.98,24.98,000,12.62
2008-03-24,25.15,25.15,24.52,24.98,3200,12.62
2008-03-20,24.75,25.00,24.60,25.00,10100,12.63
2008-03-19,24.78,24.97,24.75,24.96,3700,12.61
2008-03-18,24.75,25.00,24.75,24.75,4900,12.50
2008-03-17,24.85,24.85,24.75,24.85,3700,12.55
2008-03-14,24.53,24.75,24.50,24.75,4500,12.50
2008-03-13,25.10,25.10,24.50,24.50,25800,12.38
2008-03-12,25.30,25.30,25.02,25.10,10100,12.68
2008-03-11,25.15,25.30,25.04,25.30,3200,12.78
2008-03-10,25.02,25.12,25.02,25.02,5700,12.64
2008-03-07,25.05,25.05,25.02,25.02,26300,12.64
2008-03-06,25.03,25.10,25.03,25.10,54300,12.68
2008-03-05,25.19,25.19,25.03,25.03,38100,12.65
2008-03-04,25.11,25.14,24.99,25.14,68500,12.70
2008-03-03,25.25,25.29,25.03,25.14,18700,12.70
2008-02-29,25.20,25.20,25.20,25.20,000,12.73
2008-02-28,25.20,25.20,25.20,25.20,000,12.73
2008-02-27,25.20,25.20,25.20,25.20,000,12.73
2008-02-26,25.19,25.25,25.19,25.20,1300,12.73
2008-02-25,25.45,25.45,25.45,25.45,100,12.86
2008-02-22,25.29,25.45,25.29,25.45,2100,12.86
2008-02-21,25.28,25.28,25.28,25.28,000,12.77
2008-02-20,25.20,25.28,25.20,25.28,6800,12.77
2008-02-19,25.11,25.30,25.11,25.30,1400,12.78
2008-02-15,25.29,25.29,25.29,25.29,900,12.78
2008-02-14,25.17,25.29,25.17,25.18,1700,12.72
2008-02-13,25.11,25.11,25.01,25.01,1000,12.64
2008-02-12,25.16,25.16,25.16,25.16,200,12.71
2008-02-11,25.11,25.11,25.11,25.11,000,12.69
2008-02-08,25.11,25.11,25.11,25.11,000,12.69
2008-02-07,25.11,25.11,25.11,25.11,000,12.69
2008-02-06,25.11,25.11,25.11,25.11,000,12.69
2008-02-05,25.00,25.12,25.00,25.11,1200,12.69
2008-02-04,25.10,25.10,25.10,25.10,000,12.68
2008-02-01,25.11,25.11,25.10,25.10,1200,12.68
2008-01-31,25.11,25.34,25.11,25.34,2600,12.80
2008-01-30,25.11,25.35,25.08,25.35,4300,12.81
2008-01-29,25.45,25.45,25.37,25.37,1200,12.82
2008-01-28,25.25,25.25,25.25,25.25,000,12.76
2008-01-25,25.25,25.25,25.25,25.25,000,12.76
2008-01-24,25.35,25.45,25.06,25.25,2600,12.76
2008-01-23,25.35,25.35,25.35,25.35,300,12.81
2008-01-22,25.12,25.12,25.12,25.12,500,12.69
2008-01-18,25.09,25.09,25.09,25.09,300,12.68
2008-01-17,25.17,25.17,25.08,25.08,400,12.67
2008-01-16,25.20,25.20,25.20,25.20,000,12.73
2008-01-15,25.20,25.20,25.20,25.20,900,12.73
2008-01-14,25.04,25.15,25.04,25.15,1200,12.71
2008-01-11,25.06,25.06,25.06,25.06,600,12.66
2008-01-10,25.08,25.08,25.01,25.01,1900,12.64
2008-01-09,25.06,25.06,25.06,25.06,000,12.66
2008-01-08,25.06,25.06,25.06,25.06,000,12.66
2008-01-07,25.07,25.07,25.06,25.06,400,12.66
2008-01-04,25.06,25.07,25.06,25.07,2800,12.67
2008-01-03,25.05,25.14,25.05,25.14,3800,12.70
2008-01-02,25.08,25.08,25.03,25.03,800,12.65
2007-12-31,25.04,25.04,25.04,25.04,000,12.65
2007-12-28,25.04,25.04,25.04,25.04,3600,12.65
2007-12-27,25.00,25.00,25.00,25.00,1300,12.63
2007-12-26,25.08,25.08,25.08,25.08,000,12.67
2007-12-24,25.08,25.08,25.08,25.08,000,12.36
2007-12-21,25.08,25.08,25.08,25.08,200,12.36
2007-12-20,25.06,25.07,25.06,25.07,200,12.36
2007-12-19,25.20,25.20,25.20,25.20,2100,12.42
2007-12-18,25.38,25.40,25.38,25.40,2100,12.52
2007-12-17,25.20,25.20,25.01,25.01,2700,12.33
2007-12-14,25.33,25.33,25.20,25.20,1400,12.42
2007-12-13,25.30,25.30,25.30,25.30,200,12.47
2007-12-12,25.36,25.36,25.13,25.20,400,12.42
2007-12-11,25.23,25.23,25.23,25.23,400,12.44
2007-12-10,25.10,25.10,25.10,25.10,700,12.37
2007-12-07,25.20,25.20,25.19,25.20,2300,12.42
2007-12-06,25.12,25.12,25.12,25.12,000,12.38
2007-12-05,25.12,25.12,25.12,25.12,000,12.38
2007-12-04,25.01,25.17,25.01,25.12,2200,12.38
2007-12-03,25.01,25.01,25.00,25.00,300,12.32
2007-11-30,25.00,25.00,25.00,25.00,1000,12.32
2007-11-29,25.05,25.05,25.05,25.05,500,12.35
2007-11-28,25.05,25.05,25.05,25.05,200,12.35
2007-11-27,25.27,25.27,25.00,25.00,9000,12.32
2007-11-26,25.01,25.20,25.00,25.20,3200,12.42
2007-11-23,25.00,25.00,25.00,25.00,000,12.32
2007-11-21,25.00,25.00,25.00,25.00,600,12.32
2007-11-20,25.00,25.00,25.00,25.00,7400,12.32
2007-11-19,25.00,25.00,25.00,25.00,4000,12.32
2007-11-16,25.00,25.00,25.00,25.00,1300,12.32
2007-11-15,25.09,25.09,25.00,25.00,1700,12.32
2007-11-14,25.00,25.00,25.00,25.00,2000,12.32
2007-11-13,25.00,25.00,25.00,25.00,3700,12.32
2007-11-12,25.01,25.01,25.00,25.00,6800,12.32
2007-11-09,25.00,25.00,25.00,25.00,2500,12.32
2007-11-08,25.00,25.01,25.00,25.00,4000,12.32
2007-11-07,25.00,25.01,25.00,25.00,3200,12.32
2007-11-06,25.01,25.01,25.00,25.00,900,12.32
2007-11-05,25.00,25.00,25.00,25.00,100,12.32
2007-11-02,25.00,25.00,24.80,24.80,14400,12.23
2007-11-01,25.04,25.04,25.00,25.00,6000,12.32
2007-10-31,24.80,25.03,24.80,24.81,4000,12.23
2007-10-30,24.61,24.90,24.61,24.90,5100,12.27
2007-10-29,25.05,25.05,24.91,24.92,2500,12.28
2007-10-26,25.03,25.03,25.03,25.03,000,12.34
2007-10-25,25.03,25.03,25.03,25.03,700,12.34
2007-10-24,25.08,25.08,25.01,25.03,2800,12.34
2007-10-23,25.10,25.10,25.10,25.10,100,12.37
2007-10-22,25.09,25.09,25.09,25.09,400,12.37
2007-10-19,25.10,25.10,25.10,25.10,1000,12.37
2007-10-18,25.10,25.10,25.10,25.10,000,12.37
2007-10-17,25.10,25.10,25.09,25.10,6300,12.37
2007-10-16,25.12,25.12,25.08,25.08,1300,12.36
2007-10-15,25.13,25.13,25.13,25.13,000,12.39
2007-10-12,25.13,25.13,25.13,25.13,3000,12.39
2007-10-11,25.06,25.20,25.06,25.20,1000,12.42
2007-10-10,25.10,25.10,25.10,25.10,800,12.37
2007-10-09,25.06,25.06,25.06,25.06,1000,12.35
2007-10-08,25.25,25.25,25.25,25.25,000,12.45
2007-10-05,25.19,25.25,25.19,25.25,3000,12.45
2007-10-04,25.05,25.05,25.05,25.05,700,12.35
2007-10-03,25.15,25.15,25.15,25.15,000,12.40
2007-10-02,25.15,25.15,25.15,25.15,000,12.40
2007-10-01,25.15,25.15,25.15,25.15,100,12.40
2007-09-28,24.94,24.94,24.94,24.94,000,12.29
2007-09-27,24.94,25.00,24.94,24.94,4900,12.29
2007-09-26,25.47,25.47,25.47,25.47,000,12.56
2007-09-25,25.47,25.47,25.47,25.47,400,12.26
2007-09-24,25.35,25.35,25.35,25.35,2300,12.20
2007-09-21,25.33,25.33,25.33,25.33,000,12.19
2007-09-20,25.33,25.33,25.33,25.33,200,12.19
2007-09-19,25.28,25.28,25.28,25.28,000,12.16
2007-09-18,25.28,25.28,25.28,25.28,000,12.16
2007-09-17,25.53,25.53,25.28,25.28,1500,12.16
2007-09-14,25.29,25.30,25.29,25.29,1300,12.17
2007-09-13,25.29,25.29,25.28,25.29,1500,12.17
2007-09-12,25.26,25.30,25.26,25.26,1400,12.15
2007-09-11,25.22,25.22,25.21,25.22,3800,12.13
2007-09-10,25.35,25.35,25.21,25.21,400,12.13
2007-09-07,25.27,25.40,25.19,25.40,5200,12.22
2007-09-06,25.30,25.42,25.30,25.42,600,12.23
2007-09-05,25.18,25.30,25.18,25.30,3000,12.17
2007-09-04,25.35,25.35,25.35,25.35,1100,12.20
2007-08-31,25.33,25.33,25.33,25.33,200,12.19
2007-08-30,25.17,25.17,25.17,25.17,600,12.11
2007-08-29,25.15,25.18,25.15,25.17,1900,12.11
2007-08-28,25.16,25.16,25.16,25.16,000,12.11
2007-08-27,25.17,25.17,25.16,25.16,600,12.11
2007-08-24,25.20,25.20,25.17,25.19,1300,12.12
2007-08-23,25.25,25.25,25.25,25.25,400,12.15
2007-08-22,25.16,25.16,25.16,25.16,000,12.11
2007-08-21,25.16,25.16,25.11,25.16,3000,12.11
2007-08-20,25.55,25.55,25.55,25.55,500,12.29
2007-08-17,25.25,25.25,25.15,25.25,1500,12.15
2007-08-16,25.10,25.10,25.10,25.10,000,12.08
2007-08-15,25.10,25.10,25.10,25.10,000,12.08
2007-08-14,25.55,25.55,25.10,25.10,6000,12.08
2007-08-13,25.10,25.32,25.10,25.11,2300,12.08
2007-08-10,25.11,25.11,25.11,25.11,1000,12.08
2007-08-09,25.11,25.11,25.11,25.11,500,12.08
2007-08-08,25.10,25.15,25.10,25.10,1900,12.08
2007-08-07,25.10,25.25,25.10,25.25,9100,12.15
2007-08-06,25.13,25.20,25.10,25.20,1900,12.13
2007-08-03,25.20,25.29,25.10,25.15,9400,12.10
2007-08-02,25.25,25.25,25.24,25.24,17000,12.14
2007-08-01,25.11,25.24,25.05,25.10,18200,12.08
2007-07-31,25.20,25.20,25.11,25.11,2200,12.08
2007-07-30,25.02,25.10,24.97,25.08,10500,12.07
2007-07-27,25.03,25.03,25.03,25.03,1200,12.04
2007-07-26,25.20,25.33,25.20,25.33,400,12.19
2007-07-25,25.06,25.40,25.01,25.40,4700,12.22
2007-07-24,25.15,25.15,25.12,25.12,6300,12.09
2007-07-23,25.13,25.20,25.11,25.20,4000,12.13
2007-07-20,25.15,25.15,25.15,25.15,6000,12.10
2007-07-19,25.15,25.19,25.15,25.15,1400,12.10
2007-07-18,25.12,25.20,25.12,25.15,800,12.10
2007-07-17,25.12,25.13,25.12,25.12,1000,12.09
2007-07-16,25.12,25.12,25.11,25.11,700,12.08
2007-07-13,25.20,25.20,25.19,25.20,1400,12.13
2007-07-12,25.11,25.23,25.07,25.10,1700,12.08
2007-07-11,25.17,25.18,25.11,25.11,1000,12.08
2007-07-10,25.17,25.17,25.17,25.17,700,12.11
2007-07-09,25.16,25.16,25.16,25.16,000,12.11
2007-07-06,25.15,25.16,25.15,25.16,300,12.11
2007-07-05,25.13,25.13,25.07,25.07,300,12.06
2007-07-03,25.14,25.14,25.13,25.14,2500,12.10
2007-07-02,25.13,25.13,25.13,25.13,000,12.09
2007-06-29,25.12,25.13,25.12,25.13,600,12.09
2007-06-28,25.07,25.07,25.07,25.07,000,12.06
2007-06-27,25.50,25.50,25.06,25.07,3300,12.06
2007-06-26,25.79,25.79,25.55,25.60,9200,12.02
2007-06-25,25.62,25.62,25.53,25.55,2200,12.00
2007-06-22,25.84,25.84,25.84,25.84,000,12.14
2007-06-21,25.84,25.84,25.84,25.84,400,12.14
2007-06-20,25.68,25.68,25.68,25.68,200,12.06
2007-06-19,25.56,25.56,25.56,25.56,000,12.01
2007-06-18,25.52,25.56,25.52,25.56,1300,12.01
2007-06-15,25.59,25.59,25.55,25.55,2900,12.00
2007-06-14,25.63,25.70,25.63,25.70,1200,12.07
2007-06-13,25.63,25.63,25.55,25.55,1500,12.00
2007-06-12,25.62,25.62,25.62,25.62,200,12.03
2007-06-11,25.63,25.63,25.63,25.63,000,12.04
2007-06-08,25.62,25.63,25.62,25.63,400,12.04
2007-06-07,25.48,25.48,25.48,25.48,000,11.97
2007-06-06,25.48,25.48,25.48,25.48,300,11.97
2007-06-05,25.46,25.63,25.46,25.63,400,12.04
2007-06-04,25.58,25.63,25.41,25.63,2200,12.04
2007-06-01,25.59,25.59,25.59,25.59,000,12.02
2007-05-31,25.61,25.61,25.59,25.59,700,12.02
2007-05-30,25.64,25.64,25.64,25.64,000,12.04
2007-05-29,25.69,25.69,25.41,25.64,1200,12.04
2007-05-25,25.66,25.66,25.66,25.66,000,12.05
2007-05-24,25.66,25.66,25.66,25.66,200,12.05
2007-05-23,25.43,25.43,25.40,25.42,400,11.94
2007-05-22,25.42,25.42,25.42,25.42,200,11.94
2007-05-21,25.46,25.46,25.46,25.46,000,11.96
2007-05-18,25.45,25.47,25.45,25.46,700,11.96
2007-05-17,25.57,25.59,25.57,25.59,2000,12.02
2007-05-16,25.54,25.54,25.41,25.41,700,11.94
2007-05-15,25.41,25.41,25.41,25.41,400,11.94
2007-05-14,25.58,25.58,25.41,25.41,1000,11.94
2007-05-11,25.41,25.41,25.41,25.41,800,11.94
2007-05-10,25.58,25.58,25.58,25.58,100,12.02
2007-05-09,25.55,25.55,25.36,25.36,11500,11.91
2007-05-08,25.33,25.50,25.33,25.49,2700,11.97
2007-05-07,25.36,25.42,25.21,25.35,11200,11.91
2007-05-04,25.57,25.57,25.50,25.50,300,11.98
2007-05-03,25.40,25.40,25.40,25.40,000,11.93
2007-05-02,25.41,25.41,25.39,25.40,2400,11.93
2007-05-01,25.42,25.45,25.40,25.45,2500,11.95
2007-04-30,25.39,25.41,25.39,25.41,2100,11.94
2007-04-27,25.48,25.70,25.38,25.38,9900,11.92
2007-04-26,25.36,25.40,25.36,25.40,2600,11.93
2007-04-25,25.38,25.49,25.31,25.49,15500,11.97
2007-04-24,25.39,25.39,25.37,25.39,3700,11.93
2007-04-23,25.40,25.44,25.35,25.35,2300,11.91
2007-04-20,25.39,25.45,25.39,25.45,2500,11.95
2007-04-19,25.50,25.50,25.50,25.50,000,11.98
2007-04-18,25.37,25.50,25.37,25.50,95400,11.98
2007-04-17,25.37,25.37,25.35,25.35,3200,11.91
2007-04-16,25.50,25.50,25.50,25.50,4200,11.98
2007-04-13,25.37,25.50,25.32,25.50,12300,11.98
2007-04-12,25.37,25.47,25.35,25.35,2400,11.91
2007-04-11,25.37,25.37,25.37,25.37,000,11.92
2007-04-10,25.36,25.49,25.35,25.37,1000,11.92
2007-04-09,25.37,25.37,25.35,25.36,1000,11.91
2007-04-05,25.37,25.37,25.37,25.37,500,11.92
2007-04-04,25.40,25.40,25.40,25.40,000,11.93
2007-04-03,25.40,25.40,25.40,25.40,400,11.93
2007-04-02,25.54,25.54,25.40,25.40,900,11.93
2007-03-30,25.65,25.65,25.65,25.65,000,12.05
2007-03-29,25.65,25.65,25.65,25.65,200,12.05
2007-03-28,25.92,25.92,25.92,25.92,000,12.18
2007-03-27,25.95,25.95,25.88,25.92,2300,11.89
2007-03-26,25.85,25.96,25.85,25.95,1200,11.90
2007-03-23,25.98,25.98,25.98,25.98,300,11.92
2007-03-22,26.00,26.05,26.00,26.05,200,11.95
2007-03-21,25.97,26.00,25.96,26.00,1100,11.93
2007-03-20,26.00,26.00,25.97,25.97,300,11.91
2007-03-19,25.90,25.96,25.90,25.96,2500,11.91
2007-03-16,25.97,25.97,25.86,25.86,1200,11.86
2007-03-15,25.88,25.88,25.85,25.86,6300,11.86
2007-03-14,25.87,25.97,25.87,25.97,500,11.91
2007-03-13,26.05,26.05,26.05,26.05,000,11.95
2007-03-12,26.05,26.05,26.05,26.05,500,11.95
2007-03-09,25.90,26.10,25.90,26.10,200,11.97
2007-03-08,25.85,25.85,25.85,25.85,000,11.86
2007-03-07,25.83,25.89,25.81,25.85,9100,11.86
2007-03-06,25.81,25.86,25.81,25.81,900,11.84
2007-03-05,25.81,25.81,25.81,25.81,200,11.84
2007-03-02,25.82,25.82,25.82,25.82,300,11.84
2007-03-01,25.80,25.80,25.79,25.79,400,11.83
2007-02-28,25.80,25.95,25.80,25.95,2500,11.90
2007-02-27,25.78,25.78,25.78,25.78,1300,11.82
2007-02-26,25.90,25.90,25.90,25.90,000,11.88
2007-02-23,25.90,25.90,25.90,25.90,1000,11.88
2007-02-22,25.89,25.89,25.89,25.89,800,11.88
2007-02-21,25.90,25.90,25.83,25.84,900,11.85
2007-02-20,25.78,25.78,25.78,25.78,1000,11.82
2007-02-16,25.80,25.80,25.75,25.75,2500,11.81
2007-02-15,25.74,25.76,25.74,25.76,600,11.82
2007-02-14,25.64,25.73,25.64,25.73,3900,11.80
2007-02-13,25.63,25.65,25.63,25.65,1900,11.77
2007-02-12,25.62,25.62,25.62,25.62,100,11.75
2007-02-09,25.60,25.60,25.60,25.60,000,11.74
2007-02-08,25.60,25.60,25.60,25.60,000,11.74
2007-02-07,25.60,25.60,25.60,25.60,000,11.74
2007-02-06,25.70,25.70,25.56,25.60,4100,11.74
2007-02-05,25.70,25.71,25.60,25.60,1600,11.74
2007-02-02,25.60,25.60,25.60,25.60,000,11.74
2007-02-01,25.69,25.70,25.60,25.60,1100,11.74
2007-01-31,25.56,25.60,25.55,25.60,2200,11.74
2007-01-30,25.54,25.68,25.51,25.68,3900,11.78
2007-01-29,25.54,25.55,25.54,25.55,800,11.72
2007-01-26,25.75,25.75,25.46,25.60,2100,11.74
2007-01-25,25.57,25.57,25.57,25.57,300,11.73
2007-01-24,25.65,25.65,25.64,25.64,500,11.76
2007-01-23,25.60,25.60,25.60,25.60,000,11.74
2007-01-22,25.66,25.66,25.60,25.60,400,11.74
2007-01-19,25.65,25.65,25.65,25.65,000,11.77
2007-01-18,25.80,25.80,25.54,25.65,2300,11.77
2007-01-17,25.53,25.53,25.53,25.53,000,11.71
2007-01-16,25.53,25.53,25.53,25.53,000,11.71
2007-01-12,25.53,25.55,25.53,25.53,4300,11.71
2007-01-11,25.52,25.60,25.52,25.60,700,11.74
2007-01-10,25.53,25.53,25.52,25.52,2300,11.71
2007-01-09,25.59,25.59,25.51,25.59,6300,11.74
2007-01-08,25.59,25.59,25.59,25.59,000,11.74
2007-01-05,25.59,25.59,25.59,25.59,1600,11.74
2007-01-04,25.60,25.60,25.60,25.60,200,11.74
2007-01-03,25.54,25.65,25.50,25.65,1800,11.77
2006-12-29,25.51,25.51,25.51,25.51,200,11.70
2006-12-28,25.51,25.51,25.51,25.51,000,11.70
2006-12-27,25.52,25.52,25.51,25.51,1600,11.70
2006-12-26,26.00,26.00,25.64,25.65,2900,11.77
2006-12-22,26.07,26.12,26.07,26.12,700,11.70
2006-12-21,26.06,26.07,26.06,26.07,200,11.68
2006-12-20,26.14,26.14,26.14,26.14,200,11.71
2006-12-19,26.08,26.08,26.07,26.07,500,11.68
2006-12-18,26.19,26.19,25.93,26.00,3500,11.65
2006-12-15,25.92,25.93,25.92,25.93,200,11.62
2006-12-14,26.00,26.00,25.90,25.91,1000,11.61
2006-12-13,25.97,25.97,25.95,25.95,600,11.63
2006-12-12,26.00,26.01,26.00,26.00,5300,11.65
2006-12-11,26.00,26.00,26.00,26.00,000,11.65
2006-12-08,26.12,26.13,25.97,26.00,12400,11.65
2006-12-07,26.39,26.41,26.39,26.41,1200,11.83
2006-12-06,26.20,26.20,26.20,26.20,500,11.74
2006-12-05,26.39,26.39,26.39,26.39,400,11.82
2006-12-04,26.40,26.40,26.40,26.40,000,11.83
2006-12-01,26.40,26.40,26.40,26.40,000,11.83
2006-11-30,26.25,26.50,26.25,26.40,500,11.83
2006-11-29,26.00,26.00,26.00,26.00,300,11.65
2006-11-28,26.00,26.50,26.00,26.50,200,11.87
2006-11-27,26.10,26.10,26.10,26.10,200,11.69
2006-11-24,25.93,25.93,25.93,25.93,200,11.62
2006-11-22,26.00,26.25,26.00,26.15,2600,11.71
2006-11-21,26.00,26.00,26.00,26.00,000,11.65
2006-11-20,25.86,26.00,25.86,26.00,1000,11.65
2006-11-17,26.00,26.00,26.00,26.00,800,11.65
2006-11-16,25.77,25.98,25.76,25.76,1600,11.54
2006-11-15,25.98,25.99,25.95,25.99,1000,11.64
2006-11-14,25.75,25.75,25.75,25.75,300,11.54
2006-11-13,25.76,25.76,25.75,25.75,500,11.54
2006-11-10,25.76,25.76,25.76,25.76,000,11.54
2006-11-09,25.88,25.88,25.75,25.76,1200,11.54
2006-11-08,25.83,25.83,25.83,25.83,200,11.57
2006-11-07,25.65,25.65,25.65,25.65,400,11.49
2006-11-06,25.99,25.99,25.99,25.99,000,11.64
2006-11-03,25.99,25.99,25.99,25.99,400,11.64
2006-11-02,25.69,25.70,25.69,25.70,1800,11.51
2006-11-01,26.00,26.00,25.65,25.70,2000,11.51
2006-10-31,25.99,25.99,25.55,25.99,1600,11.64
2006-10-30,25.85,25.85,25.85,25.85,000,11.58
2006-10-27,25.86,25.86,25.85,25.85,1400,11.58
2006-10-26,25.85,25.85,25.82,25.84,500,11.58
2006-10-25,25.99,25.99,25.99,25.99,000,11.64
2006-10-24,25.82,25.99,25.82,25.99,200,11.64
2006-10-23,25.90,25.90,25.80,25.80,900,11.56
2006-10-20,25.80,25.80,25.80,25.80,100,11.56
2006-10-19,25.80,25.80,25.75,25.77,500,11.54
2006-10-18,25.88,25.88,25.77,25.77,1500,11.54
2006-10-17,25.87,25.88,25.87,25.88,400,11.59
2006-10-16,25.73,25.89,25.73,25.89,900,11.60
2006-10-13,25.76,25.76,25.76,25.76,000,11.54
2006-10-12,25.76,25.76,25.76,25.76,000,11.54
2006-10-11,25.76,25.76,25.76,25.76,100,11.54
2006-10-10,25.72,25.72,25.71,25.71,400,11.52
2006-10-09,25.90,25.90,25.90,25.90,200,11.60
2006-10-06,25.95,25.95,25.94,25.94,200,11.62
2006-10-05,25.71,25.85,25.70,25.85,1100,11.58
2006-10-04,25.75,25.76,25.67,25.67,1800,11.50
2006-10-03,26.00,26.00,26.00,26.00,000,11.65
2006-10-02,25.61,26.08,25.61,26.00,600,11.65
2006-09-29,25.67,26.18,25.61,26.18,900,11.73
2006-09-28,26.15,26.15,26.00,26.00,500,11.65
2006-09-27,26.15,26.15,26.15,26.15,000,11.71
2006-09-26,26.15,26.15,26.15,26.15,000,11.44
2006-09-25,27.75,27.75,26.15,26.15,2600,11.44
2006-09-22,26.11,26.11,26.10,26.10,1100,11.42
2006-09-21,26.64,26.64,26.64,26.64,000,11.39
2006-09-20,26.64,26.64,26.64,26.64,300,11.39
2006-09-19,26.02,26.02,26.02,26.02,000,11.12
2006-09-18,26.02,26.02,26.02,26.02,000,11.12
2006-09-15,26.02,26.02,26.02,26.02,000,11.12
2006-09-14,26.02,26.02,26.02,26.02,000,11.12
2006-09-13,26.02,26.02,26.02,26.02,000,11.12
2006-09-12,26.35,26.35,26.02,26.02,800,11.12
2006-09-11,26.44,26.44,26.44,26.44,000,11.30
2006-09-08,26.44,26.44,26.44,26.44,400,11.30
2006-09-07,26.25,26.25,26.25,26.25,600,11.22
2006-09-06,26.30,26.35,26.30,26.35,1500,11.27
2006-09-05,26.28,26.28,26.28,26.28,400,11.24
2006-09-01,26.30,26.33,26.30,26.32,600,11.25
2006-08-31,26.30,26.49,26.26,26.26,4700,11.23
2006-08-30,26.30,26.30,26.30,26.30,000,11.24
2006-08-29,26.17,26.40,26.17,26.30,2000,11.24
2006-08-28,26.00,26.39,26.00,26.39,2700,11.28
2006-08-25,25.91,26.21,25.91,26.21,2200,11.21
2006-08-24,26.23,26.23,26.16,26.20,1200,11.20
2006-08-23,25.83,26.25,25.83,25.90,11800,11.07
2006-08-22,25.83,26.15,25.82,26.13,1200,11.17
2006-08-21,25.83,25.99,25.82,25.98,5900,11.11
2006-08-18,26.00,26.19,26.00,26.05,2900,11.14
2006-08-17,26.25,26.25,25.82,25.99,7000,11.11
2006-08-16,25.82,25.83,25.82,25.83,3500,11.04
2006-08-15,25.81,25.81,25.81,25.81,2700,11.04
2006-08-14,25.85,25.85,25.85,25.85,000,11.05
2006-08-11,25.89,25.89,25.85,25.85,800,11.05
2006-08-10,25.86,25.86,25.86,25.86,100,11.06
2006-08-09,26.00,26.00,25.90,25.90,1200,11.07
2006-08-08,26.25,26.25,26.25,26.25,100,11.22
2006-08-07,25.86,25.86,25.86,25.86,800,11.06
2006-08-04,25.86,25.86,25.86,25.86,000,11.06
2006-08-03,25.85,26.25,25.85,25.86,1300,11.06
2006-08-02,26.00,26.00,25.85,25.85,700,11.05
2006-08-01,26.50,26.90,26.50,26.50,1900,11.33
2006-07-31,26.70,27.10,26.70,27.00,1900,11.54
2006-07-28,26.50,26.50,26.50,26.50,000,11.33
2006-07-27,26.00,26.70,26.00,26.50,700,11.33
2006-07-26,25.95,26.70,25.95,26.70,1000,11.42
2006-07-25,25.90,25.95,25.90,25.95,600,11.09
2006-07-24,25.85,25.95,25.85,25.95,2100,11.09
2006-07-21,25.54,25.54,25.54,25.54,000,10.92
2006-07-20,25.54,25.54,25.54,25.54,500,10.92
2006-07-19,25.75,25.75,25.51,25.58,6200,10.94
2006-07-18,25.95,25.95,25.94,25.95,800,11.09
2006-07-17,25.58,25.58,25.58,25.58,300,10.94
2006-07-14,26.14,26.14,26.14,26.14,100,11.18
2006-07-13,25.58,25.90,25.58,25.90,900,11.07
2006-07-12,25.61,25.61,25.57,25.57,2900,10.93
2006-07-11,25.40,25.40,25.40,25.40,000,10.86
2006-07-10,25.40,25.40,25.40,25.40,000,10.86
2006-07-07,25.40,25.40,25.40,25.40,000,10.86
2006-07-06,25.40,25.40,25.40,25.40,000,10.86
2006-07-05,25.40,25.40,25.40,25.40,300,10.86
2006-07-03,25.71,25.71,25.26,25.26,1200,10.80
2006-06-30,25.79,26.50,25.65,25.70,1500,10.99
2006-06-29,25.75,25.75,25.75,25.75,800,11.01
2006-06-28,25.60,25.60,25.60,25.60,600,10.95
2006-06-27,25.95,25.95,25.50,25.65,10900,10.97
2006-06-26,26.00,26.00,26.00,26.00,000,10.86
2006-06-23,26.20,26.20,26.00,26.00,2700,10.86
2006-06-22,26.25,26.25,26.20,26.20,2300,10.94
2006-06-21,26.85,26.85,26.10,26.10,400,10.90
2006-06-20,26.25,26.35,26.25,26.35,1300,11.00
2006-06-19,25.97,25.97,25.97,25.97,700,10.84
2006-06-16,26.24,26.25,26.24,26.25,400,10.96
2006-06-15,25.95,25.95,25.95,25.95,000,10.84
2006-06-14,25.95,25.95,25.95,25.95,400,10.84
2006-06-13,25.94,25.94,25.94,25.94,000,10.83
2006-06-12,26.26,26.35,25.94,25.94,59900,10.83
2006-06-09,26.21,26.40,26.21,26.40,500,11.02
2006-06-08,26.70,26.70,26.70,26.70,000,11.15
2006-06-07,26.70,26.70,26.70,26.70,000,11.15
2006-06-06,26.70,26.70,26.70,26.70,000,11.15
2006-06-05,26.59,26.70,26.59,26.70,600,11.15
2006-06-02,26.26,26.26,26.26,26.26,200,10.96
2006-06-01,26.74,26.74,26.74,26.74,000,11.16
2006-05-31,26.24,26.75,26.24,26.74,1100,11.16
2006-05-30,26.18,26.18,26.18,26.18,000,10.93
2006-05-26,26.18,26.18,26.18,26.18,300,10.93
2006-05-25,26.22,26.22,26.22,26.22,000,10.95
2006-05-24,26.22,26.22,26.22,26.22,000,10.95
2006-05-23,25.96,26.22,25.96,26.22,600,10.95
2006-05-22,25.97,25.97,25.97,25.97,000,10.84
2006-05-19,26.45,26.56,25.97,25.97,1400,10.84
2006-05-18,26.45,26.45,26.45,26.45,000,11.04
2006-05-17,26.45,26.45,26.45,26.45,200,11.04
2006-05-16,26.45,26.45,26.45,26.45,000,11.04
2006-05-15,26.45,26.45,26.45,26.45,000,11.04
2006-05-12,26.45,26.45,26.45,26.45,000,11.04
2006-05-11,26.45,26.45,26.45,26.45,800,11.04
2006-05-10,26.45,26.45,26.45,26.45,000,11.04
2006-05-09,26.45,26.45,26.45,26.45,000,11.04
2006-05-08,26.45,26.45,26.45,26.45,000,11.04
2006-05-05,26.45,26.45,26.45,26.45,000,11.04
2006-05-04,25.90,26.45,25.90,26.45,1100,11.04
2006-05-03,25.90,25.90,25.90,25.90,000,10.81
2006-05-02,26.02,26.03,25.90,25.90,1300,10.81
2006-05-01,26.14,26.14,26.02,26.02,500,10.86
2006-04-28,26.11,26.11,26.11,26.11,200,10.90
2006-04-27,25.78,26.45,25.78,26.45,400,11.04
2006-04-26,26.03,26.03,26.03,26.03,000,10.87
2006-04-25,26.03,26.03,26.03,26.03,500,10.87
2006-04-24,26.20,26.20,26.05,26.05,300,10.88
2006-04-21,26.05,26.05,26.05,26.05,200,10.88
2006-04-20,26.05,26.05,26.05,26.05,000,10.88
2006-04-19,26.05,26.05,26.05,26.05,000,10.88
2006-04-18,26.10,26.20,26.05,26.05,2900,10.88
2006-04-17,25.98,26.10,25.98,26.00,600,10.86
2006-04-13,26.50,26.50,26.00,26.00,1600,10.86
2006-04-12,26.21,26.21,26.21,26.21,000,10.94
2006-04-11,26.21,26.21,26.20,26.21,600,10.94
2006-04-10,26.21,26.21,26.21,26.21,000,10.94
2006-04-07,26.21,26.21,26.21,26.21,1200,10.94
2006-04-06,26.50,26.50,26.50,26.50,1000,11.06
2006-04-05,26.50,26.50,26.35,26.35,400,11.00
2006-04-04,26.49,26.49,26.49,26.49,000,11.06
2006-04-03,26.47,26.50,26.47,26.49,600,11.06
2006-03-31,26.50,26.50,26.06,26.48,4500,11.06
2006-03-30,26.10,26.19,26.00,26.19,2400,10.94
2006-03-29,26.20,26.20,25.93,26.00,1800,10.86
2006-03-28,25.91,25.91,25.91,25.91,300,10.82
2006-03-27,26.89,26.89,26.51,26.51,2900,10.81
2006-03-24,26.84,26.84,26.84,26.84,100,10.95
2006-03-23,26.50,26.50,26.50,26.50,100,10.81
2006-03-22,26.72,26.72,26.50,26.50,400,10.81
2006-03-21,26.58,26.58,26.58,26.58,000,10.84
2006-03-20,26.58,26.58,26.58,26.58,100,10.84
2006-03-17,26.60,26.60,26.60,26.60,1200,10.85
2006-03-16,26.37,26.75,26.36,26.39,2200,10.77
2006-03-15,26.35,26.35,26.35,26.35,000,10.75
2006-03-14,26.45,26.46,26.35,26.35,1600,10.75
2006-03-13,26.40,26.40,26.40,26.40,000,10.77
2006-03-10,26.51,26.51,26.35,26.40,1300,10.77
2006-03-09,26.69,26.70,26.55,26.70,2500,10.89
2006-03-08,26.40,26.40,26.40,26.40,200,10.77
2006-03-07,26.55,26.55,26.55,26.55,700,10.83
2006-03-06,26.70,26.70,26.59,26.59,2200,10.85
2006-03-03,26.56,26.56,26.56,26.56,000,10.84
2006-03-02,26.79,26.79,26.56,26.56,500,10.84
2006-03-01,26.56,26.56,26.56,26.56,200,10.84
2006-02-28,26.89,26.89,26.56,26.88,700,10.97
2006-02-27,26.93,26.93,26.93,26.93,200,10.99
2006-02-24,26.58,26.58,26.57,26.57,1100,10.84
2006-02-23,26.61,26.61,26.61,26.61,1100,10.86
2006-02-22,26.90,26.93,26.69,26.70,1400,10.89
2006-02-21,26.65,26.65,26.64,26.64,1600,10.87
2006-02-17,27.00,27.00,26.65,26.65,500,10.87
2006-02-16,26.78,26.78,26.78,26.78,300,10.92
2006-02-15,26.65,26.65,26.65,26.65,400,10.87
2006-02-14,26.56,26.65,26.56,26.65,1200,10.87
2006-02-13,26.75,26.75,26.55,26.55,2000,10.83
2006-02-10,26.75,26.75,26.65,26.65,1000,10.87
2006-02-09,27.00,27.00,27.00,27.00,000,11.01
2006-02-08,27.00,27.00,27.00,27.00,000,11.01
2006-02-07,27.00,27.00,27.00,27.00,000,11.01
2006-02-06,26.99,27.00,26.99,27.00,600,11.01
2006-02-03,26.99,26.99,26.99,26.99,200,11.01
2006-02-02,26.56,26.56,26.56,26.56,900,10.84
2006-02-01,26.99,26.99,26.99,26.99,1000,11.01
2006-01-31,26.95,26.95,26.65,26.65,1500,10.87
2006-01-30,27.00,27.00,27.00,27.00,000,11.01
2006-01-27,27.00,27.00,27.00,27.00,200,11.01
2006-01-26,27.00,27.00,27.00,27.00,600,11.01
2006-01-25,26.85,27.00,26.85,27.00,2900,11.01
2006-01-24,27.00,27.00,27.00,27.00,1800,11.01
2006-01-23,26.61,27.20,26.61,27.20,3400,11.10
2006-01-20,27.00,27.00,27.00,27.00,000,11.01
2006-01-19,27.00,27.00,27.00,27.00,300,11.01
2006-01-18,26.61,26.61,26.50,26.50,1000,10.81
2006-01-17,26.66,27.00,26.50,27.00,2000,11.01
2006-01-13,26.65,26.65,26.65,26.65,000,10.87
2006-01-12,26.70,27.20,26.65,26.65,3300,10.87
2006-01-11,27.00,27.00,26.71,27.00,6900,11.01
2006-01-10,27.25,27.25,27.00,27.00,3500,11.01
2006-01-09,27.35,27.35,27.35,27.35,000,11.16
2006-01-06,27.35,27.35,27.35,27.35,000,11.16
2006-01-05,27.35,27.35,27.35,27.35,000,11.16
2006-01-04,27.35,27.35,27.35,27.35,200,11.16
2006-01-03,26.85,27.35,26.74,27.35,10700,11.16
2005-12-30,26.85,27.35,26.85,27.35,2400,11.16
2005-12-29,27.00,27.04,26.63,27.00,3300,11.01
2005-12-28,26.50,27.13,26.30,26.99,80000,11.01
2005-12-27,26.90,27.00,26.60,27.00,2600,11.01
2005-12-23,27.16,27.16,27.16,27.16,2800,10.83
2005-12-22,27.00,27.00,27.00,27.00,000,10.77
2005-12-21,27.00,27.00,27.00,27.00,1300,10.77
2005-12-20,27.01,27.15,27.00,27.10,5000,10.81
2005-12-19,27.00,27.00,27.00,27.00,4000,10.77
2005-12-16,26.99,27.00,26.99,27.00,700,10.77
2005-12-15,26.90,27.00,26.75,27.00,5500,10.77
2005-12-14,26.90,26.90,26.90,26.90,1000,10.73
2005-12-13,26.85,26.90,26.85,26.90,800,10.73
2005-12-12,26.86,26.86,26.85,26.85,1700,10.71
2005-12-09,26.95,26.95,26.95,26.95,000,10.75
2005-12-08,27.34,27.34,26.95,26.95,600,10.75
2005-12-07,26.85,26.85,26.85,26.85,000,10.71
2005-12-06,27.00,27.00,26.85,26.85,1600,10.71
2005-12-05,26.85,27.00,26.85,27.00,1500,10.77
2005-12-02,27.11,27.11,26.88,26.88,1500,10.72
2005-12-01,26.81,26.85,26.81,26.85,2100,10.71
2005-11-30,26.82,27.25,26.82,26.83,1800,10.70
2005-11-29,26.80,26.87,26.80,26.82,2500,10.70
2005-11-28,27.00,27.50,26.77,26.95,3200,10.75
2005-11-25,26.83,26.83,26.83,26.83,000,10.70
2005-11-23,26.83,26.83,26.83,26.83,1900,10.70
2005-11-22,26.76,26.76,26.76,26.76,200,10.67
2005-11-21,27.10,27.35,27.10,27.30,1600,10.89
2005-11-18,26.90,26.90,26.90,26.90,000,10.73
2005-11-17,27.10,27.10,26.90,26.90,1600,10.73
2005-11-16,27.10,27.30,27.10,27.30,2000,10.89
2005-11-15,26.85,27.10,26.85,27.10,500,10.81
2005-11-14,26.75,27.10,26.75,27.10,3700,10.81
2005-11-11,26.75,26.75,26.51,26.56,3800,10.59
2005-11-10,26.75,27.15,26.75,26.75,5800,10.67
2005-11-09,26.95,27.15,26.95,27.15,3400,10.83
2005-11-08,26.75,26.75,26.75,26.75,000,10.67
2005-11-07,26.75,26.75,26.75,26.75,400,10.67
2005-11-04,26.75,26.75,26.75,26.75,1800,10.67
2005-11-03,26.60,26.60,26.60,26.60,000,10.61
2005-11-02,26.50,26.75,26.50,26.60,1000,10.61
2005-11-01,26.75,26.76,26.75,26.76,200,10.67
2005-10-31,26.90,26.95,26.86,26.86,1700,10.71
2005-10-28,26.95,26.95,26.50,26.50,56800,10.57
2005-10-27,26.85,26.85,26.50,26.50,400,10.57
2005-10-26,26.40,26.50,26.36,26.36,2600,10.51
2005-10-25,27.00,27.00,27.00,27.00,1000,10.77
2005-10-24,26.50,26.50,26.50,26.50,1500,10.57
2005-10-21,26.50,26.50,26.50,26.50,000,10.57
2005-10-20,26.50,26.50,26.50,26.50,600,10.57
2005-10-19,26.58,26.58,26.58,26.58,100,10.60
2005-10-18,26.98,26.98,26.98,26.98,000,10.76
2005-10-17,26.98,26.98,26.98,26.98,700,10.76
2005-10-14,26.31,26.31,26.31,26.31,100,10.49
2005-10-13,26.60,26.60,26.60,26.60,200,10.61
2005-10-12,26.58,26.58,26.50,26.58,1000,10.60
2005-10-11,26.60,26.60,26.60,26.60,000,10.61
2005-10-10,26.60,26.60,26.60,26.60,000,10.61
2005-10-07,26.35,26.60,26.35,26.60,1300,10.61
2005-10-06,26.49,26.75,26.42,26.75,2000,10.67
2005-10-05,26.55,26.55,26.30,26.47,5200,10.56
2005-10-04,26.55,26.55,26.55,26.55,000,10.59
2005-10-03,26.52,26.55,26.52,26.55,300,10.59
2005-09-30,26.51,26.51,26.51,26.51,100,10.57
2005-09-29,27.08,27.08,27.08,27.08,900,10.80
2005-09-28,27.11,27.11,27.11,27.11,1400,10.81
2005-09-27,27.11,27.11,27.11,27.11,100,10.81
2005-09-26,27.11,27.11,27.11,27.11,000,10.57
2005-09-23,27.11,27.11,27.11,27.11,3100,10.57
2005-09-22,27.05,27.05,27.05,27.05,000,10.55
2005-09-21,27.05,27.05,27.05,27.05,400,10.55
2005-09-20,27.05,27.05,27.05,27.05,000,10.55
2005-09-19,27.05,27.05,27.05,27.05,400,10.55
2005-09-16,27.20,27.20,27.20,27.20,000,10.60
2005-09-15,27.20,27.20,27.20,27.20,1000,10.60
2005-09-14,27.12,27.12,27.12,27.12,000,10.57
2005-09-13,27.12,27.12,27.12,27.12,200,10.57
2005-09-12,27.12,27.12,27.12,27.12,000,10.57
2005-09-09,27.40,27.40,27.12,27.12,900,10.57
2005-09-08,27.35,27.35,27.15,27.15,1200,10.58
2005-09-07,27.20,27.39,27.20,27.39,2000,10.68
2005-09-06,27.12,27.20,27.12,27.20,500,10.60
2005-09-02,27.20,27.20,27.20,27.20,800,10.60
2005-09-01,27.40,27.40,27.20,27.40,800,10.68
2005-08-31,27.40,27.40,27.30,27.30,1500,10.64
2005-08-30,27.25,27.40,27.20,27.40,3900,10.68
2005-08-29,27.05,27.25,27.05,27.25,3200,10.62
2005-08-26,27.20,27.20,27.20,27.20,300,10.60
2005-08-25,27.12,27.12,27.05,27.05,600,10.55
2005-08-24,27.20,27.20,27.20,27.20,300,10.60
2005-08-23,27.09,27.20,27.06,27.20,900,10.60
2005-08-22,27.05,27.20,27.05,27.20,2000,10.60
2005-08-19,27.39,27.39,27.20,27.20,700,10.60
2005-08-18,27.20,27.20,27.20,27.20,100,10.60
2005-08-17,27.39,27.39,27.20,27.20,900,10.60
2005-08-16,27.25,27.25,27.25,27.25,200,10.62
2005-08-15,27.01,27.39,27.01,27.39,500,10.68
2005-08-12,27.25,27.25,27.02,27.25,1700,10.62
2005-08-11,27.01,27.01,27.01,27.01,000,10.53
2005-08-10,27.01,27.01,27.01,27.01,000,10.53
2005-08-09,27.19,27.19,27.01,27.01,700,10.53
2005-08-08,27.19,27.19,27.19,27.19,300,10.60
2005-08-05,27.18,27.18,27.18,27.18,000,10.60
2005-08-04,27.18,27.18,27.18,27.18,000,10.60
2005-08-03,27.18,27.18,27.18,27.18,000,10.60
2005-08-02,27.35,27.35,27.12,27.18,20200,10.60
2005-08-01,27.25,27.25,27.25,27.25,300,10.62
2005-07-29,27.30,27.30,27.30,27.30,000,10.64
2005-07-28,27.30,27.31,27.30,27.30,3700,10.64
2005-07-27,27.50,27.50,27.25,27.25,4700,10.62
2005-07-26,27.75,27.75,27.51,27.51,1300,10.72
2005-07-25,27.69,27.69,27.69,27.69,000,10.79
2005-07-22,27.69,27.69,27.69,27.69,000,10.79
2005-07-21,27.69,27.69,27.69,27.69,000,10.79
2005-07-20,27.50,27.69,27.50,27.69,300,10.79
2005-07-19,27.41,27.41,27.41,27.41,000,10.69
2005-07-18,27.41,27.41,27.41,27.41,000,10.69
2005-07-15,27.41,27.41,27.41,27.41,000,10.69
2005-07-14,27.41,27.41,27.41,27.41,000,10.69
2005-07-13,27.41,27.41,27.41,27.41,400,10.69
2005-07-12,27.55,27.55,27.50,27.50,3600,10.72
2005-07-11,27.65,27.65,27.65,27.65,800,10.78
2005-07-08,27.55,27.55,27.55,27.55,1000,10.74
2005-07-07,27.50,27.50,27.50,27.50,000,10.72
2005-07-06,27.50,27.50,27.50,27.50,300,10.72
2005-07-05,27.50,27.50,27.50,27.50,400,10.72
2005-07-01,27.75,27.75,27.50,27.50,600,10.72
2005-06-30,27.99,27.99,27.50,27.50,1200,10.72
2005-06-29,27.51,27.51,27.51,27.51,100,10.72
2005-06-28,28.00,28.00,28.00,28.00,100,10.92
2005-06-27,27.51,28.00,27.50,27.50,4200,10.72
2005-06-24,27.77,27.77,27.77,27.77,000,10.59
2005-06-23,27.77,27.77,27.77,27.77,200,10.59
2005-06-22,28.00,28.00,28.00,28.00,800,10.68
2005-06-21,28.00,28.00,27.35,28.00,17500,10.68
2005-06-20,27.56,27.56,27.56,27.56,000,10.51
2005-06-17,27.56,27.56,27.56,27.56,000,10.51
2005-06-16,27.56,27.56,27.56,27.56,1000,10.51
2005-06-15,28.00,28.00,28.00,28.00,100,10.68
2005-06-14,27.75,28.25,27.75,28.00,400,10.68
2005-06-13,27.51,28.00,27.50,28.00,2200,10.68
2005-06-10,27.50,27.50,27.50,27.50,000,10.49
2005-06-09,27.51,27.51,27.50,27.50,900,10.49
2005-06-08,27.45,27.70,27.45,27.70,80000,10.56
2005-06-07,27.59,27.59,27.56,27.59,2100,10.52
2005-06-06,27.41,27.41,27.41,27.41,000,10.45
2005-06-03,27.42,27.42,27.41,27.41,400,10.45
2005-06-02,27.51,27.60,27.50,27.60,2000,10.52
2005-06-01,27.66,27.66,27.66,27.66,000,10.55
2005-05-31,27.66,27.66,27.66,27.66,000,10.55
2005-05-27,27.65,27.66,27.65,27.66,200,10.55
2005-05-26,27.65,27.65,27.65,27.65,000,10.54
2005-05-25,27.75,28.75,27.65,27.65,1400,10.54
2005-05-24,27.30,27.30,27.30,27.30,400,10.41
2005-05-23,27.75,27.75,27.75,27.75,400,10.58
2005-05-20,27.22,27.22,27.22,27.22,000,10.38
2005-05-19,27.22,27.22,27.22,27.22,000,10.38
2005-05-18,27.22,27.22,27.22,27.22,000,10.38
2005-05-17,27.22,27.22,27.22,27.22,200,10.38
2005-05-16,27.87,27.87,27.75,27.75,1000,10.58
2005-05-13,28.00,28.00,28.00,28.00,000,10.68
2005-05-12,28.00,28.00,28.00,28.00,000,10.68
2005-05-11,28.00,28.00,28.00,28.00,000,10.68
2005-05-10,28.00,28.00,28.00,28.00,000,10.68
2005-05-09,28.00,28.00,27.25,28.00,18200,10.68
2005-05-06,27.21,27.21,27.21,27.21,000,10.37
2005-05-05,27.21,27.21,27.21,27.21,000,10.37
2005-05-04,27.21,27.21,27.21,27.21,000,10.37
2005-05-03,27.21,27.21,27.21,27.21,000,10.37
2005-05-02,27.19,27.75,27.19,27.21,1400,10.37
2005-04-29,27.95,27.95,27.95,27.95,000,10.66
2005-04-28,27.95,27.95,27.95,27.95,000,10.66
2005-04-27,27.38,27.95,27.38,27.95,1500,10.66
2005-04-26,27.00,27.95,27.00,27.95,5300,10.66
2005-04-25,27.00,27.10,27.00,27.10,500,10.33
2005-04-22,27.00,27.30,26.96,26.96,7900,10.28
2005-04-21,27.10,27.10,27.10,27.10,900,10.33
2005-04-20,27.08,27.08,27.08,27.08,000,10.33
2005-04-19,27.38,27.38,27.05,27.08,3000,10.33
2005-04-18,27.01,27.29,27.01,27.29,800,10.41
2005-04-15,27.00,27.02,26.95,27.02,1200,10.30
2005-04-14,27.25,27.25,27.25,27.25,000,10.39
2005-04-13,27.25,27.25,27.25,27.25,000,10.39
2005-04-12,27.25,27.25,27.25,27.25,000,10.39
2005-04-11,26.98,27.25,26.98,27.25,2600,10.39
2005-04-08,26.95,26.98,26.95,26.95,500,10.28
2005-04-07,27.25,27.25,27.25,27.25,000,10.39
2005-04-06,27.15,27.25,27.15,27.25,20500,10.39
2005-04-05,27.20,27.20,27.20,27.20,700,10.37
2005-04-04,26.95,26.95,26.95,26.95,000,10.28
2005-04-01,26.95,26.95,26.95,26.95,000,10.28
2005-03-31,27.00,27.01,26.95,26.95,600,10.28
2005-03-30,27.15,27.19,27.15,27.19,1000,10.37
2005-03-29,26.90,26.97,26.90,26.97,500,10.28
2005-03-28,27.29,27.29,27.00,27.00,2400,10.29
2005-03-24,27.70,27.85,27.59,27.70,3100,10.33
2005-03-23,27.90,27.90,27.85,27.85,400,10.39
2005-03-22,27.80,27.80,27.80,27.80,000,10.37
2005-03-21,27.80,27.80,27.80,27.80,600,10.37
2005-03-18,27.90,27.90,27.78,27.80,1700,10.37
2005-03-17,27.50,27.98,27.50,27.87,3400,10.39
2005-03-16,27.64,27.66,27.64,27.66,700,10.31
2005-03-15,27.50,27.64,27.50,27.50,3900,10.25
2005-03-14,27.40,27.59,27.40,27.59,2000,10.29
2005-03-11,27.50,27.58,27.50,27.58,1000,10.28
2005-03-10,27.57,27.57,27.50,27.50,700,10.25
2005-03-09,27.40,27.57,27.40,27.56,9100,10.28
2005-03-08,27.50,27.50,27.50,27.50,000,10.25
2005-03-07,27.50,27.50,27.40,27.50,1100,10.25
2005-03-04,27.50,27.50,27.41,27.50,7300,10.25
2005-03-03,27.41,27.49,27.40,27.49,5900,10.25
2005-03-02,27.42,27.50,27.41,27.50,5500,10.25
2005-03-01,27.48,27.56,27.48,27.56,2200,10.28
2005-02-28,27.48,27.48,27.43,27.48,7900,10.25
2005-02-25,27.48,27.48,27.42,27.43,4100,10.23
2005-02-24,27.50,27.50,27.50,27.50,200,10.25
2005-02-23,27.49,27.50,27.49,27.50,2500,10.25
2005-02-22,27.49,27.50,27.48,27.50,2800,10.25
2005-02-18,27.54,27.55,27.54,27.55,800,10.27
2005-02-17,27.50,27.55,27.50,27.55,2600,10.27
2005-02-16,27.44,27.59,27.44,27.58,4200,10.28
2005-02-15,27.45,27.48,27.45,27.48,3100,10.25
2005-02-14,27.50,27.52,27.41,27.41,3700,10.22
2005-02-11,27.50,27.55,27.50,27.50,6700,10.25
2005-02-10,27.54,27.65,27.45,27.65,3200,10.31
2005-02-09,27.43,27.62,27.43,27.62,22000,10.30
2005-02-08,27.58,27.61,27.49,27.50,6900,10.25
2005-02-07,27.50,27.60,27.50,27.56,2500,10.28
2005-02-04,27.50,27.60,27.50,27.60,8100,10.29
2005-02-03,27.50,27.60,27.50,27.50,2500,10.25
2005-02-02,27.50,27.50,27.40,27.50,5600,10.25
2005-02-01,27.54,27.54,27.40,27.53,3300,10.27
2005-01-31,27.50,27.50,27.50,27.50,2800,10.25
2005-01-28,27.50,27.54,27.50,27.54,1400,10.27
2005-01-27,27.54,27.54,27.54,27.54,1800,10.27
2005-01-26,27.40,27.54,27.40,27.54,1500,10.27
2005-01-25,27.45,27.60,27.40,27.40,9000,10.22
2005-01-24,27.40,27.45,27.40,27.40,5100,10.22
2005-01-21,27.45,27.47,27.30,27.30,11500,10.18
2005-01-20,27.40,27.40,27.40,27.40,2900,10.22
2005-01-19,27.40,27.40,27.40,27.40,300,10.22
2005-01-18,27.30,27.30,27.30,27.30,900,10.18
2005-01-14,27.45,27.45,27.35,27.37,3600,10.21
2005-01-13,27.25,27.45,27.12,27.38,26800,10.21
2005-01-12,27.25,27.35,27.25,27.35,2600,10.20
2005-01-11,27.31,27.31,27.15,27.30,3300,10.18
2005-01-10,27.10,27.10,27.10,27.10,200,10.11
2005-01-07,27.10,27.30,27.10,27.10,900,10.11
2005-01-06,27.30,27.30,27.30,27.30,1300,10.18
2005-01-05,27.20,27.20,27.20,27.20,500,10.14
2005-01-04,27.10,27.18,27.10,27.18,800,10.14
2005-01-03,27.18,27.18,27.18,27.18,100,10.14
2004-12-31,27.00,27.15,26.92,27.15,4900,10.12
2004-12-30,27.10,27.14,26.91,27.14,7200,10.12
2004-12-29,27.19,27.20,27.00,27.00,1200,10.07
2004-12-28,27.20,27.25,27.00,27.15,9200,10.12
2004-12-27,27.55,27.55,27.55,27.55,3600,10.05
2004-12-23,27.55,27.55,27.51,27.54,5500,10.04
2004-12-22,27.55,27.55,27.55,27.55,2900,10.05
2004-12-21,27.55,27.55,27.55,27.55,2000,10.05
2004-12-20,27.55,27.55,27.55,27.55,1800,10.05
2004-12-17,27.55,27.55,27.53,27.55,4300,10.05
2004-12-16,27.55,27.55,27.40,27.51,1700,10.03
2004-12-15,27.55,27.55,27.55,27.55,5900,10.05
2004-12-14,27.55,27.55,27.45,27.55,1900,10.05
2004-12-13,27.55,27.55,27.41,27.55,2800,10.05
2004-12-10,27.59,27.60,27.52,27.55,3300,10.05
2004-12-09,27.55,27.58,27.55,27.58,15600,10.06
2004-12-08,27.55,27.68,27.55,27.68,6300,10.09
2004-12-07,27.60,27.60,27.55,27.55,300,10.05
2004-12-06,27.40,27.50,27.40,27.50,900,10.03
2004-12-03,27.55,27.55,27.55,27.55,600,10.05
2004-12-02,27.40,27.55,27.40,27.55,3100,10.05
2004-12-01,27.50,27.50,27.50,27.50,3700,10.03
2004-11-30,27.51,27.59,27.40,27.40,25400,9.99
2004-11-29,27.55,27.64,27.55,27.55,3300,10.05
2004-11-26,27.55,27.55,27.55,27.55,1900,10.05
2004-11-24,27.55,27.65,27.52,27.53,8700,10.04
2004-11-23,27.61,27.63,27.53,27.55,4200,10.05
2004-11-22,27.55,27.65,27.55,27.55,4300,10.05
2004-11-19,27.72,27.72,27.52,27.52,2200,10.04
2004-11-18,27.55,27.75,27.51,27.55,8500,10.05
2004-11-17,27.64,27.71,27.55,27.55,2400,10.05
2004-11-16,27.55,27.69,27.55,27.64,5100,10.08
2004-11-15,27.55,27.55,27.55,27.55,10000,10.05
2004-11-12,27.44,27.44,27.44,27.44,000,10.01
2004-11-11,27.44,27.44,27.44,27.44,200,10.01
2004-11-10,27.50,27.87,27.50,27.60,10700,10.06
2004-11-09,27.30,27.30,27.30,27.30,8000,9.96
2004-11-08,27.41,27.55,27.41,27.55,1100,10.05
2004-11-05,27.40,27.40,27.40,27.40,200,9.99
2004-11-04,27.42,27.42,27.42,27.42,000,10.00
2004-11-03,27.42,27.42,27.42,27.42,000,10.00
2004-11-02,27.42,27.42,27.42,27.42,000,10.00
2004-11-01,27.42,27.42,27.42,27.42,000,10.00
2004-10-29,27.46,27.46,27.41,27.42,1300,10.00
2004-10-28,27.61,27.70,27.60,27.60,4600,10.06
2004-10-27,27.73,27.73,27.68,27.68,600,10.09
2004-10-26,27.62,28.25,27.62,27.62,13600,10.07
2004-10-25,27.50,27.50,27.50,27.50,000,10.03
2004-10-22,27.50,27.50,27.50,27.50,400,10.03
2004-10-21,27.50,27.50,27.50,27.50,1000,10.03
2004-10-20,27.40,27.40,27.40,27.40,300,9.99
2004-10-19,27.57,27.57,27.57,27.57,200,10.05
2004-10-18,27.40,27.40,27.40,27.40,200,9.99
2004-10-15,27.40,27.40,27.40,27.40,000,9.99
2004-10-14,27.40,27.40,27.40,27.40,000,9.99
2004-10-13,27.55,27.55,27.40,27.40,3200,9.99
2004-10-12,27.55,27.55,27.40,27.40,1300,9.99
2004-10-11,27.53,27.53,27.53,27.53,800,10.04
2004-10-08,27.40,27.48,27.40,27.48,1300,10.02
2004-10-07,27.48,27.50,27.35,27.50,7200,10.03
2004-10-06,27.39,27.60,27.39,27.60,4200,10.06
2004-10-05,27.40,27.40,27.38,27.39,1600,9.99
2004-10-04,27.25,27.40,27.25,27.40,1500,9.99
2004-10-01,27.42,27.45,27.12,27.14,3100,9.90
2004-09-30,27.35,27.50,27.35,27.50,6100,10.03
2004-09-29,27.30,27.45,27.20,27.45,5200,10.01
2004-09-28,27.39,27.50,27.39,27.48,8600,10.02
2004-09-27,27.51,27.55,27.25,27.50,4400,10.03
2004-09-24,27.74,27.79,27.64,27.79,7300,10.13
2004-09-23,27.50,27.74,27.40,27.73,54300,10.11
2004-09-22,27.65,27.70,27.50,27.64,13700,10.08
2004-09-21,27.70,27.70,27.70,27.70,4700,10.10
2004-09-20,27.75,27.75,27.40,27.72,47800,10.11
2004-09-17,27.70,27.75,27.70,27.73,3000,10.11
2004-09-16,27.50,27.60,27.50,27.60,7700,10.06
2004-09-15,27.75,27.75,27.26,27.50,16000,10.03
2004-09-14,27.60,27.62,27.48,27.48,3000,10.02
2004-09-13,27.85,27.85,27.50,27.50,5600,10.03
2004-09-10,27.50,27.78,27.45,27.45,6700,10.01
2004-09-09,27.95,27.95,27.40,27.51,25400,10.03
2004-09-08,27.90,27.90,27.45,27.45,16900,10.01
2004-09-07,27.60,27.60,27.50,27.50,3500,10.03
2004-09-03,27.61,27.61,27.60,27.60,300,10.06
2004-09-02,27.90,27.90,27.90,27.90,000,10.17
2004-09-01,27.85,27.90,27.85,27.90,1000,10.17
2004-08-31,27.50,27.70,27.50,27.69,1600,10.10
2004-08-30,27.44,27.44,27.44,27.44,300,10.01
2004-08-27,27.41,27.41,27.41,27.41,000,10.00
2004-08-26,27.41,27.41,27.41,27.41,000,10.00
2004-08-25,27.41,27.41,27.41,27.41,100,10.00
2004-08-24,27.50,27.50,27.50,27.50,000,10.03
2004-08-23,27.50,27.50,27.50,27.50,000,10.03
2004-08-20,27.50,27.50,27.50,27.50,000,10.03
2004-08-19,27.50,27.50,27.50,27.50,900,10.03
2004-08-18,27.50,27.50,27.50,27.50,200,10.03
2004-08-17,27.71,27.71,27.71,27.71,000,10.10
2004-08-16,27.71,27.71,27.71,27.71,000,10.10
2004-08-13,27.71,27.71,27.71,27.71,300,10.10
2004-08-12,27.31,27.31,27.31,27.31,200,9.96
2004-08-11,27.31,27.31,27.30,27.30,1400,9.96
2004-08-10,27.35,27.35,27.35,27.35,100,9.97
2004-08-09,27.37,27.37,27.35,27.35,800,9.97
2004-08-06,27.37,27.41,27.37,27.40,1000,9.99
2004-08-05,27.80,27.80,27.49,27.49,500,10.02
2004-08-04,27.50,27.60,27.28,27.60,2800,10.06
2004-08-03,27.75,27.97,27.50,27.97,900,10.20
2004-08-02,27.40,27.40,27.40,27.40,1000,9.99
2004-07-30,27.55,27.56,27.55,27.56,1300,10.05
2004-07-29,27.40,27.40,27.40,27.40,000,9.99
2004-07-28,27.40,27.40,27.40,27.40,000,9.99
2004-07-27,27.50,27.50,27.40,27.40,800,9.99
2004-07-26,27.55,27.55,27.55,27.55,500,10.05
2004-07-23,27.25,27.25,27.25,27.25,000,9.94
2004-07-22,27.25,27.55,27.25,27.25,2400,9.94
2004-07-21,27.55,27.55,27.20,27.53,4900,10.04
2004-07-20,27.28,27.28,27.28,27.28,500,9.95
2004-07-19,27.27,27.27,27.27,27.27,200,9.94
2004-07-16,27.56,27.56,27.56,27.56,1000,10.05
2004-07-15,27.23,27.23,27.23,27.23,000,9.93
2004-07-14,27.23,27.23,27.23,27.23,000,9.93
2004-07-13,27.23,27.23,27.23,27.23,300,9.93
2004-07-12,27.27,27.27,27.19,27.19,8000,9.92
2004-07-09,27.45,27.55,27.45,27.55,1400,10.05
2004-07-08,27.31,27.31,27.31,27.31,000,9.96
2004-07-07,27.31,27.31,27.31,27.31,1100,9.96
2004-07-06,27.19,27.20,27.19,27.19,4500,9.92
2004-07-02,27.19,27.19,27.19,27.19,700,9.92
2004-07-01,27.20,27.20,27.20,27.20,000,9.92
2004-06-30,27.19,27.25,27.19,27.20,1300,9.92
2004-06-29,27.25,27.31,26.96,26.96,2200,9.83
2004-06-28,27.37,27.37,27.37,27.37,1300,9.98
2004-06-25,26.75,27.59,25.75,27.25,2700,9.94
2004-06-24,27.75,27.75,27.74,27.74,600,9.89
2004-06-23,27.74,27.74,27.74,27.74,000,9.89
2004-06-22,27.75,27.75,27.45,27.74,2300,9.89
2004-06-21,27.75,27.75,27.75,27.75,000,9.90
2004-06-18,27.75,27.75,27.75,27.75,900,9.90
2004-06-17,27.73,27.73,27.22,27.73,3000,9.89
2004-06-16,27.26,27.26,27.26,27.26,200,9.72
2004-06-15,27.26,27.26,27.26,27.26,000,9.72
2004-06-14,27.58,27.58,27.26,27.26,1900,9.72
2004-06-10,27.26,27.26,27.26,27.26,000,9.72
2004-06-09,27.26,27.26,27.26,27.26,600,9.72
2004-06-08,27.28,27.58,27.28,27.58,900,9.84
2004-06-07,27.57,27.58,27.57,27.58,3900,9.84
2004-06-04,27.60,27.60,27.60,27.60,200,9.84
2004-06-03,27.35,27.35,27.35,27.35,500,9.75
2004-06-02,27.60,27.60,27.60,27.60,600,9.84
2004-06-01,27.40,27.40,27.40,27.40,400,9.77
2004-05-28,27.35,27.35,27.35,27.35,500,9.75
2004-05-27,27.35,27.35,27.20,27.25,2100,9.72
2004-05-26,27.35,27.35,27.35,27.35,4600,9.75
2004-05-25,27.35,27.35,27.35,27.35,200,9.75
2004-05-24,27.20,27.25,27.20,27.25,2800,9.72
2004-05-21,27.25,27.25,27.05,27.05,2700,9.65
2004-05-20,27.24,27.25,27.24,27.25,2700,9.72
2004-05-19,27.25,27.25,27.25,27.25,400,9.72
2004-05-18,27.30,27.30,27.24,27.24,1700,9.72
2004-05-17,27.30,27.30,27.30,27.30,400,9.74
2004-05-14,27.28,27.55,27.15,27.16,12900,9.69
2004-05-13,27.50,27.50,27.50,27.50,300,9.81
2004-05-12,27.31,27.31,27.31,27.31,000,9.74
2004-05-11,27.31,27.33,27.31,27.31,900,9.74
2004-05-10,27.45,27.45,27.45,27.45,000,9.79
2004-05-07,27.40,27.55,27.36,27.45,6100,9.79
2004-05-06,27.60,27.79,27.50,27.55,19500,9.83
2004-05-05,27.54,27.54,27.36,27.36,1000,9.76
2004-05-04,27.50,27.55,27.27,27.50,19100,9.81
2004-05-03,27.50,27.50,27.25,27.26,2700,9.72
2004-04-30,27.63,27.99,27.51,27.99,1500,9.98
2004-04-29,27.74,28.00,27.74,28.00,4000,9.99
2004-04-28,27.99,27.99,27.65,27.65,600,9.86
2004-04-27,27.72,27.72,27.72,27.72,700,9.89
2004-04-26,27.76,27.76,27.64,27.66,1800,9.87
2004-04-23,27.95,28.00,27.95,28.00,1100,9.99
2004-04-22,28.39,28.39,28.38,28.38,1500,10.12
2004-04-21,28.40,28.40,28.39,28.39,2000,10.13
2004-04-20,28.50,28.50,28.39,28.41,3300,10.13
2004-04-19,28.49,28.49,28.49,28.49,1000,10.16
2004-04-16,28.39,28.39,28.39,28.39,2100,10.13
2004-04-15,28.43,28.43,28.43,28.43,1000,10.14
2004-04-14,28.39,28.39,28.39,28.39,1000,10.13
2004-04-13,28.70,28.70,28.39,28.39,1100,10.13
2004-04-12,28.70,28.70,28.70,28.70,400,10.24
2004-04-08,28.70,28.70,28.70,28.70,000,10.24
2004-04-07,28.82,28.82,28.70,28.70,1400,10.24
2004-04-06,28.71,28.71,28.70,28.70,1400,10.24
2004-04-05,28.71,28.93,28.70,28.70,8400,10.24
2004-04-02,28.70,28.70,28.70,28.70,000,10.24
2004-04-01,28.70,28.70,28.70,28.70,200,10.24
2004-03-31,28.87,28.87,28.87,28.87,400,10.30
2004-03-30,28.70,28.70,28.70,28.70,000,10.24
2004-03-29,28.70,28.75,28.70,28.70,1200,10.24
2004-03-26,28.82,28.82,28.39,28.75,2400,10.25
2004-03-25,29.00,29.09,29.00,29.09,500,10.16
2004-03-24,29.03,29.09,29.00,29.09,1800,10.16
2004-03-23,29.15,29.15,29.15,29.15,000,10.18
2004-03-22,29.14,29.15,29.14,29.15,700,10.18
2004-03-19,28.82,29.15,28.82,29.07,800,10.15
2004-03-18,28.68,29.10,28.63,28.84,3600,10.07
2004-03-17,28.70,28.70,28.70,28.70,000,10.02
2004-03-16,28.70,28.70,28.70,28.70,300,10.02
2004-03-15,28.70,28.70,28.70,28.70,100,10.02
2004-03-12,28.63,28.71,28.62,28.71,1100,10.03
2004-03-11,28.85,28.99,28.85,28.99,600,10.12
2004-03-10,28.58,28.58,28.58,28.58,400,9.98
2004-03-09,28.70,28.70,28.70,28.70,000,10.02
2004-03-08,28.70,28.70,28.70,28.70,500,10.02
2004-03-05,28.50,28.50,28.50,28.50,000,9.95
2004-03-04,28.46,28.50,28.44,28.50,5100,9.95
2004-03-03,28.45,28.51,28.45,28.45,400,9.93
2004-03-02,28.50,28.71,28.50,28.71,2600,10.03
2004-03-01,28.45,28.52,28.45,28.52,600,9.96
2004-02-27,28.45,28.66,28.45,28.66,1800,10.01
2004-02-26,28.64,28.65,28.64,28.65,2700,10.00
2004-02-25,28.66,28.69,28.45,28.64,4400,10.00
2004-02-24,28.55,28.65,28.55,28.65,4000,10.00
2004-02-23,28.31,28.55,28.30,28.44,1900,9.93
2004-02-20,28.44,28.44,28.44,28.44,200,9.93
2004-02-19,28.40,28.40,28.40,28.40,000,9.92
2004-02-18,28.40,28.40,28.40,28.40,600,9.92
2004-02-17,28.25,28.40,28.25,28.40,2700,9.92
2004-02-13,28.25,28.25,28.25,28.25,000,9.86
2004-02-12,28.25,28.25,28.25,28.25,000,9.86
2004-02-11,28.25,28.25,28.25,28.25,000,9.86
2004-02-10,28.25,28.25,28.25,28.25,000,9.86
2004-02-09,28.25,28.26,28.25,28.25,400,9.86
2004-02-06,28.26,28.26,28.26,28.26,1000,9.87
2004-02-05,28.26,28.26,28.26,28.26,100,9.87
2004-02-04,28.50,28.50,28.50,28.50,000,9.95
2004-02-03,28.50,28.50,28.50,28.50,000,9.95
2004-02-02,28.50,28.50,28.50,28.50,000,9.95
2004-01-30,28.40,28.50,28.40,28.50,21500,9.95
2004-01-29,28.40,28.41,28.29,28.40,4800,9.92
2004-01-28,28.20,28.20,28.20,28.20,800,9.85
2004-01-27,28.40,28.40,28.40,28.40,2600,9.92
2004-01-26,28.20,28.30,28.20,28.30,2100,9.88
2004-01-23,28.40,28.40,28.40,28.40,000,9.92
2004-01-22,28.40,28.40,28.40,28.40,000,9.92
2004-01-21,28.40,28.40,28.40,28.40,1900,9.92
2004-01-20,28.10,28.10,28.10,28.10,000,9.81
2004-01-16,28.10,28.10,28.10,28.10,2300,9.81
2004-01-15,28.40,28.40,28.40,28.40,000,9.92
2004-01-14,28.40,28.40,28.40,28.40,700,9.92
2004-01-13,28.38,28.38,28.38,28.38,300,9.91
2004-01-12,28.40,28.40,28.40,28.40,1000,9.92
2004-01-09,28.00,28.15,28.00,28.15,1200,9.83
2004-01-08,28.05,28.05,28.05,28.05,000,9.79
2004-01-07,28.05,28.15,28.05,28.05,8700,9.79
2004-01-06,28.01,28.06,28.00,28.06,4200,9.80
2004-01-05,28.06,28.06,28.06,28.06,1000,9.80
2004-01-02,28.06,28.06,28.06,28.06,300,9.80
2003-12-31,28.06,28.06,28.01,28.06,1600,9.80
2003-12-30,27.75,27.75,27.75,27.75,000,9.69
2003-12-29,28.10,28.12,27.75,27.75,2400,9.69
2003-12-26,27.90,27.90,27.90,27.90,000,9.74
2003-12-24,28.51,28.51,28.51,28.51,000,9.74
2003-12-23,28.43,28.51,28.43,28.51,1300,9.74
2003-12-22,28.35,28.40,28.35,28.40,5700,9.71
2003-12-19,28.39,28.39,28.39,28.39,2500,9.70
2003-12-18,28.20,28.20,28.15,28.15,3600,9.62
2003-12-17,28.20,28.20,28.16,28.20,4200,9.64
2003-12-16,28.20,28.20,28.15,28.20,3900,9.64
2003-12-15,28.15,28.20,28.15,28.15,4500,9.62
2003-12-12,28.15,28.20,28.15,28.20,4800,9.64
2003-12-11,28.30,28.30,28.30,28.30,900,9.67
2003-12-10,28.33,28.33,28.15,28.15,1500,9.62
2003-12-09,28.35,28.35,28.35,28.35,400,9.69
2003-12-08,28.40,28.40,28.20,28.30,3300,9.67
2003-12-05,28.10,28.24,28.10,28.24,900,9.65
2003-12-04,28.40,28.40,28.40,28.40,300,9.71
2003-12-03,28.35,28.35,28.35,28.35,1100,9.69
2003-12-02,28.20,28.20,28.20,28.20,000,9.64
2003-12-01,28.20,28.20,28.20,28.20,900,9.64
2003-11-28,27.95,27.95,27.95,27.95,000,9.55
2003-11-26,28.00,28.20,27.95,27.95,1100,9.55
2003-11-25,28.00,28.00,28.00,28.00,9300,9.57
2003-11-24,28.00,28.00,28.00,28.00,26500,9.57
2003-11-21,28.00,28.00,27.94,28.00,8000,9.57
2003-11-20,28.00,28.00,28.00,28.00,6500,9.57
2003-11-19,28.00,28.00,27.96,28.00,10100,9.57
2003-11-18,28.00,28.00,27.98,28.00,8100,9.57
2003-11-17,28.00,28.00,28.00,28.00,15000,9.57
2003-11-14,28.00,28.00,28.00,28.00,16800,9.57
2003-11-13,28.34,28.34,27.96,28.00,13900,9.57
2003-11-12,28.00,28.29,27.90,28.29,27400,9.67
2003-11-11,28.00,28.00,27.86,27.90,8800,9.53
2003-11-10,28.34,28.35,28.00,28.00,6800,9.57
2003-11-07,28.10,28.10,28.00,28.10,1600,9.60
2003-11-06,27.89,27.89,27.89,27.89,000,9.53
2003-11-05,28.04,28.05,27.89,27.89,1500,9.53
2003-11-04,28.05,28.05,28.05,28.05,000,9.59
2003-11-03,27.97,28.30,27.97,28.05,1500,9.59
2003-10-31,28.40,28.40,28.40,28.40,000,9.71
2003-10-30,28.39,28.40,28.39,28.40,700,9.71
2003-10-29,28.02,28.30,28.02,28.30,1500,9.67
2003-10-28,28.24,28.40,27.90,28.02,4000,9.58
2003-10-27,28.32,28.32,27.90,27.90,1300,9.53
2003-10-24,28.33,28.33,28.33,28.33,000,9.68
2003-10-23,28.33,28.33,28.33,28.33,200,9.68
2003-10-22,28.31,28.31,28.31,28.31,200,9.67
2003-10-21,28.33,28.33,28.33,28.33,200,9.68
2003-10-20,28.43,28.43,28.43,28.43,100,9.72
2003-10-17,28.47,28.47,28.47,28.47,500,9.73
2003-10-16,28.47,28.47,28.47,28.47,100,9.73
2003-10-15,28.47,28.47,28.47,28.47,100,9.73
2003-10-14,28.45,28.47,28.01,28.47,3000,9.73
2003-10-13,28.55,28.55,28.55,28.55,000,9.76
2003-10-10,28.55,28.55,28.55,28.55,000,9.76
2003-10-09,28.40,28.55,28.01,28.55,3500,9.76
2003-10-08,28.11,28.65,28.10,28.65,3200,9.79
2003-10-07,28.40,28.40,28.00,28.40,2500,9.71
